4  0  0   0
4  1  0   0
4  2  0   0
5  0  0   0
5  1  0  10 
5  2  0   0
6  0  0   0
6  1  0  20
6  2  0  20
6  3  0   0
7  1  0  30
7  2  0  20
7  3  0  20
8  1  0   0
8  2  0  30
8  3  0  30
8  4  0   0
9  2  10 40
9  3  0  40
9  4  0  20
10  2  20 80
10  3  0  60
10  4  0  40
10  5  0  20
11  3  30  70
11  4  0  60
11  5  0  40
12  3  50 90
12  4  20 70
12  5  0  60
12  6  0  30
13  3  80 100
13  4  40 80
13  5  20 70
13  6  20 60
14  4  50 100
14  5  40 90
14  6  20 70
15  4  70 120
15  5  50 100
15  6  30 90
15  7  20 60
16  4  100 140
16  5  70  110
16  6  40  100
16  7  40  80
17  5  90  130
17  6  60  120
17  7  40  100
17  8  40  70
18  5  120 140
18  6  80  120
18  7  60  120
18  8  50  90
19  6  100 140
19  7  70  140
19  8  60  110
19  9  40  80
20  6  120 150
20  7  100 150
20  8  60  130
20  9  60  100
21  7  110 160
21  8  80  150
21  9  60  120
21  10  60 90
22  7  140 180
22  8  100 160
22  9  70  140
22  10  80 120
23  7  150 180
23  8  120 180
23  9  100 160
23  10  80  130
23  11  70  90
24  8  140 180
24  9  110 170
24  10  90  140
24  11  90 120
25  8  160 200
25  9  130  180
25  10  100  160
25  11  100  140
26  8  0  0
26  9  150  200
26  10  120 180
26  11  100 160
26  12  90  130
27  9   170 220
27  10  140 200
27  11  120 180
27  12  100 140
28  9  180 220
28  10  160 220
28  11  120 200
28  12  100 160
28  13  100 140
29  10  180 220
29  11  140 220
29  12  120 180
29  13  120 150
30  10  200 240
30  11  180 240
30  12  140 200
30  13  120 160
31  10  240 260
31  11  200 240
31  12  140 240
31  13  120 200
31  14  120 160
32  11  220 260
32  12  180 260
32  13  140 220
32  14  140 180
33  11  240 280
33  12  200 260
33  13  160 240
33  14  140 200
34  11  260 280
34  12  220 280
34  13  180 260
34  14  140 220
34  15  140 180
35  12  240 300
35  13  200 280
35  14  160 240
35  15  140 200
35  16  0  0
36  12  260 300
36  13  240 300
36  14  180 260
36  15  160 220
36  16  160 200
37  13  260 300
37  14  200 300
37  15  180 240
37  16  160 220
38  13  260 320
38  14  240 320
38  15  200 260
38  16  160 240
39  13  300 340
39  14  240 320
39  15  220 300
39  16  180 260
39  17  160 220
40  14  280 340
40  15  240 320
40  16  200 280
40  17  180 240
41  14  300 340
41  15  260 340
41  16  220 300
41  17  200 260
41  18  200 220
42  14  320 360
42  15  280 360
42  16  240 320
42  17  200 280
42  18  180 240
43  15  300 360
43  16  260 360
43  17  220 300
43  18  200 260
43  19  200 220
44  15  320 380
44  16  280 360
44  17  240 340
44  18  220 280
44  19  220 240
45  16  320 400
45  17  280 360
45  18  220 320
45  19  220 260
46  16  340 400
46  17  300 380
46  18  240 340
46  19  220 280
46  20  240 260
47  16  360 400
47  17  320 400
47  18  260 360
47  19  240 300
47  20  240 260
48  16  380 420
48  17  340 400
48  18  300 380
48  19  240 340
48  20  240 300
49  17  360 420
49  18  320 400
49  19  260 360
49  20  240 320
49  21  240 260
50  17  380 440
50  18  340 420
50  19  300 380
50  20  240 340
50  21  240 300
51  17  420 440
51  18  360 440
51  19  320 400
51  20  250 360
51  21  260 320
52  17  420 440
52  18  380 440
52  19  340 420
52  20  280 400
52  21  260 340
52  22  260 300
53  18  400 460
53  19  360 460
53  20  320 420
53  21  280 360
53  22  260 320
53  23  260 300
54  18  420 460
54  19  380 460
54  20  320 440
54  21  280 380
54  22  260 360
54  23  260 320
55  18  0   0
55  19  420 480
55  20  360 460
55  21  320 420
55  22  280 380
55  23  280 360
56  19  440 500
56  20  380 480
56  21  340 440
56  22  320 400
56  23  300 380
57  19  460 500
57  20  420 480
57  21  380 460
57  22  360 420
57  23  320 420
58  20  420 480
58  21  420 460
58  22  380 460
58  23  380 440
59  21  0   0
59  22  380 460
59  23  380 460
60  22  0   0
60  23  0   0
61  22  0   0
61  23  0   0
62  22  0   0
62  23  0   0
63  22  0   0
63  23  0   0
