0  0  -1  -1
0  1  70  110
0  2  40  110
0  3  70  100
1  0  -1  -1
1  1  90  140
1  2  60  130
1  3  30  100
1  4  30  80
2  0  -1  -1
2  1  120 170
2  2  80  160
2  3  60  120
2  4  30  100
3  0  -1  -1
3  1  140 220
3  2  100 200
3  3  80  160
3  4  40  130
3  5  30  80
4  0  -1  -1
4  1  160 220
4  2  130 220
4  3  110 180
4  4  60  140
4  5  50  100
5  0  -1  -1
5  1  200 250
5  2  160 240
5  3  130 220
5  4  80  180
5  5  60  140
5  6  60  90
6  2  180 240
6  3  160 240
6  4  110 200
6  5  70  140
6  6  70  100
7  2  200 260
7  3  180 260
7  4  130 230
7  5  80  180
7  6  80  140
8  2  240 280
8  3  200 260
8  4  150 250
8  5  110 200
8  6  80  160
8  7  70  120
9  3  220 280
9  4  180 260
9  5  140 210
9  6  100 180
9  7  80  140
10  3  250 300
10  4  200 280
10  5  160 260
10  6  120 200
10  7  100 150
11  4  220 280
11  5  180 280
11  6  140 240
11  7  120 180
11  8  120 150
12  4  240 300
12  5  210 290
12  6  140 260
12  7  130 200
12  8  120 180
13  4  270 310
13  5  230 300
13  6  180 280
13  7  140 230
13  8  130 180
13  9  120 160
14  5  260 300
14  6  200 300
14  7  170 250
14  8  140 200
14  9  140 180
15  5  270 310
15  6  230 300
15  7  180 280
15  8  160 240
15  9  150 190
16  6  250 320
16  7  220 300
16  8  180 260
16  9  160 220
17  6  280 320
17  7  250 320
17  8  200 280
17  9  170 230
17  10  170 200
18  6  300 330
18  7  270 330
18  8  220 310
18  9  180 260
18  10  180 230
19  7  290 340
19  8  240 320
19  9  200 280
19  10  200 250
20  7  260 360
20  8  260 320
20  9  230 300
20  10  200 270
20  11  200 240
21  8  280 350
21  9  250 330
21  10  210 300
21  11  210 250
22  8  310 350
22  9  280 340
22  10  240 320
22  11  220 280
22  12  220 240
23  8  330 360
23  9  300 360
23  10  260 340
23  11  230 300
23  12  230 260
24  8  350 380
24  9  320 360
24  10  280 350
24  11  240 320
24  12  240 290
25  9  340 380
25  10  300 380
25  11  270 340
25  12  240 310
26  10  320 380
26  11  290 360
26  12  260 330
26  13  250 300
27  10  340 400
27  11  320 380
27  12  270 350
27  13  260 320
28  10  360 400
28  11  340 400
28  12  300 380
28  13  280 340
28  14  270 300
29  11  360 400
29  12  320 400
29  13  290 360
29  14  280 330
30  11  370 400
30  12  350 400
30  13  310 380
30  14  290 350
30  15  280 300
31  12  360 410
31  13  330 400
31  14  300 370
31  15  280 340
32  12  380 420
32  13  350 420
32  14  320 400
32  15  300 360
33  13  380 420
33  14  330 410
33  15  320 380
33  16  300 350
34  13  400 430
34  14  350 430
34  15  330 400
34  16  330 370
35  13  420 450
35  14  380 430
35  15  350 420
35  16  340 390
36  14  400 440
36  15  370 440
36  16  350 410
36  17  340 380
37  14  420 450
37  15  390 450
37  16  360 430
37  17  350 400
38  15  420 450
38  16  380 450
38  17  370 420
38  18  360 400
39  15  440 470
39  16  400 460
39  17  380 440
39  18  370 420
40  16  420 470
40  17  400 450
40  18  380 440
40  19  370 400
41  16  440 470
41  17  410 470
41  18  400 450
41  19  390 420
42  17  440 480
42  18  410 470
42  19  400 440
43  17  450 480
43  18  420 480
43  19  420 460
43  20  390 420
44  18  440 490
44  19  430 480
44  20  430 460
45  18  460 500
45  19  440 500
45  20  440 480
45  21  380 400
46  18  480 510
46  19  470 510
46  20  450 500
46  21  440 460
47  19  480 520
47  20  460 520
47  21  450 490
47  22  400 430
48  19  490 520
48  20  470 520
48  21  460 520
48  22  440 480
49  20  490 520
49  21  480 520
49  22  470 510
50  20  -1 -1
50  21  490 520
50  22  480 520
50  23  -1 -1
51  21  -1 -1
51  22  500 520
51  23  -1  -1
52  21  -1  -1
52  22  -1  -1
52  23  500 520
53  22  -1  -1
53  23  -1  -1
54  22  -1  -1
54  23  -1  -1
55  -1  -1  -1
56  -1  -1  -1
57  -1  -1  -1
58  -1  -1  -1
59  -1  -1  -1
60  -1  -1  -1
61  -1  -1  -1
62  -1  -1  -1
63  -1  -1  -1
