4  2    0   0
4  3    0   0
5  2    0  50
5  3    0  20
6  2    0  20
6  3    0  20
7  2    0   0
7  3    0  20
7  4    0  20
8  3    0  40
8  4    0  30
9  3    0  60
9  4    0  50
9  5    0  30
10  4  10  60
10  5  10  50
10  6   0  30
11  4  30  70
11  5  20  60
11  6  10  50
12  4  30  90
12  5  30  80
12  6  20  60
13  4  30  70
13  5  40  80
13  6  30  80
13  7  20  50
14  5  60 110
14  6  40  90
14  7  40  70
15  5  60 140
15  6  50 110
15  7  50  90
16  5  80 120
16  6  70 120
16  7  50 110
16  8  50  90
17  6  90 130
17  7  60 120
17  8  60 100
18  6  100 140
18  7  80 140
18  8  70 120
19  6  120 160
19  7  100 160
19  8  70 140
19  9  70 110
20  7  120 170
20  8  90 160
20  9  80 130
21  7  140 190
21  8  100 170
21  9  90 140
22  8  120 180
22  9  100 160
22  10  100 140
23  8  140 200
23  9  100 180
23  10  100 150
24  8  170 210
24  9  130 200
24  10  120 170
25  8  160 220
25  9  150 220
25  10  120 200
25  11  120 160
26  9  170 230
26  10  130 210
26  11  130 170
27  9  190 240
27  10  150 230
27  11  130 190
27  12  130 150
28  9  220 270
28  10  170 240
28  11  140 220
28  12  140 180
29  9  0  0
29  10  200 250
29  11  160 240
29  12  150 200
30  10  220 260
30  11  180 260
30  12  160 220
31  10  240 270
31  11  180 270
31  12  170 240
31  13  160 200
32  11  220 300
32  12  180 270
32  13  170 230
33  11  250 290
33  12  200 290
33  13  180 240
33  14  180 220
34  11  260 310
34  12  220 310
34  13  180 260
34  14  180 240
35  12  240 320
35  13  210 280
35  14  200 260
36  12  270 330
36  13  220 310
36  14  200 270
37  12  300 340
37  13  240 330
37  14  220 300
37  15  200 250
38  13  260 350
38  14  220 320
38  15  220 270
39  13  300 360
39  14  240 340
39  15  230 290
40  13  320 380
40  14  270 360
40  15  240 300
40  16  220 300
41  13  350 380
41  14  280 380
41  15  250 340
41  16  240 280
42  14  320 400
42  15  260 360
42  16  230 310
43  14  340 410
43  15  300 380
43  16  260 330
44  14  370 410
44  15  320 410
44  16  260 380
44  17  260 320
45  15  320 420
45  16  280 380
45  17  280 320
46  15  370 440
46  16  280 420
46  17  280 360
47  15  380 460
47  16  320 430
47  17  280 370
47  18  280 340
48  15  400 460
48  16  350 450
48  17  300 400
48  18  300 360
49  15  430 480
49  16  360 460
49  17  300 450
49  18  300 400
49  19  280 320
50  16  400 470
50  17  320 460
50  18  310 400
50  19  300 360
51  16  420 490
51  17  360 470
51  18  320 440
51  19  320 350
52  16  440 500
52  17  400 490
52  18  320 450
52  19  320 380
53  17  420 520
53  18  340 470
53  19  340 420
53  20  340 370
54  17  440 520
54  18  360 500
54  19  340 440
54  20  340 400
55  17  470 520
55  18  400 520
55  19  350 460
55  20  350 440
56  17  480 520
56  18  430 520
56  19  380 500
56  20  360 460
56  21  360 440
57  18  430 520
57  19  420 520
57  20  360 470
57  21  380 460
58  19  460 520
58  20  400 500
58  21  400 480
59  20  440 520
59  21  440 500
