4  2   0   0
5  2   0  20 
5  3   0   0
6  2   0  20
6  3   0  20
6  4   0   0
7  2   0  20
7  3   0  20
7  4   0  20
8  3   0  30
8  4   0  30
8  5   0   0
9  3   20 50
9  4   0  40
9  5   0  30
10  3  0   0
10  4  0  50
10  5  0  50
10  6  0  30
11  4  30 60
11  5  0  60
11  6  0  40
12  4  40 90
12  5  30 70
12  6  0  60
12  7  0  60
13  5  40 80
13  6  20 70
13  7  10 50
14  5  60 90
14  6  30 90
14  7  20 70
14  8  30 50
15  5  0  0
15  6  50 100
15  7  30 90
15  8  30 70
16  6  70 110
16  7  50 100
16  8  40 90
17  6  90 110
17  7  60 120
17  8  40 100
17  9  40 80
18  6  0  0
18  7  90 130
18  8  50 120
18  9  50 90
18  10  0 0
19  7  110 150
19  8  70 140
19  9  60 110
19  10  60 80
20  8  100 150
20  9  70 130
20  10  60 100
21  8  120 160
21  9  90  150
21  10  70 120
21  11  70 90
22  8  140 170
22  9  110 170
22  10  80 140
22  11  60 110
23  9  130 180
23  10  100 170
23  11  80 140
23  12  70 100
24  9  150 190
24  10  120 180
24  11  90 150
24  12  90 120
25  9  180 220
25  10  140 200
25  11  110 170
25  12  100 140
25  13  90  110
26  10  160 200
26  11  130 190
26  12  100 160
26  13  100 130
27  10  180 220
27  11  150 210
27  12  120 180
27  13  100 150
28  10  0   0
28  11  170 220
28  12  140 200
28  13  120 170
28  14  110 140
29  11  200 230
29  12  160 230
29  13  130 190
29  14  120 160
30  11  220 240
30  12  180 240
30  13  140 220
30  14  120 180
30  15  120 140
31  12  200 250
31  13  170 240
31  14  130 200
31  15  120 160
32  12  220 260
32  13  190 250
32  14  150 220
32  15  140 180
32  16  140 160
33  13  210 260
33  14  180 240
33  15  150 210
33  16  140 170
34  13  240 270
34  14  200 260
34  15  170 220
34  16  150 190
35  13  250 280
35  14  220 280
35  15  180 250
35  16  160 220
36  14  240 300
36  15  210 270
36  16  170 230
36  17  160 200
37  14  270 300
37  15  230 290
37  16  190 260
37  17  170 210
37  18  160 180
38  14  280 320
38  15  240 320
38  16  210 280
38  17  180 240
38  18  170 210
39  15  280 320
39  16  240 300
39  17  200 260
39  18  180 230
40  15  300 340
40  16  260 330
40  17  220 300
40  18  190 250
40  19  190 210
41  15  320 340
41  16  280 340
41  17  240 300
41  18  200 260
41  19  190 220
42  16  300 350
42  17  260 330
42  18  220 300
42  19  200 250
43  16  330 360
43  17  290 350
43  18  240 320
43  19  210 270
43  20  200 240
44  16  340 360
44  17  310 370
44  18  260 340
44  19  230 290
44  20  200 250
45  17  340 380
45  18  290 360
45  19  240 320
45  20  220 280
45  21  200 240
46  17  360 400
46  18  320 380
46  19  280 340
46  20  220 300
46  21  220 260
47  18  340 400
47  19  300 380
47  20  240 340
47  21  220 290
48  18  360 410
48  19  320 390
48  20  260 350
48  21  240 300
48  22  250 280
49  18  380 420
49  19  340 410
49  20  290 380
49  21  250 330
49  22  240 300
50  18  400 430
50  19  370 420
50  20  300 400
50  21  260 360
50  22  250 310
51  19  390 440
51  20  340 420
51  21  300 380
51  22  260 340
51  23  240 300
52  19  410 450
52  20  380 440
52  21  330 400
52  22  280 360
52  23  260 320
53  19  440 460
53  20  380 460
53  21  360 420
53  22  300 380
53  23  280 350
54  20  420 460
54  21  370 440
54  22  330 420
54  23  300 380
55  20  430 480
55  21  400 460
55  22  360 440
55  23  340 400
56  20  440 480
56  21  420 480
56  22  380 460
56  23  360 430
57  21  440 500
57  22  420 480
57  23  400 460
58  22  400 500
58  23  420 470
59  22  0   0
59  23  0   0
60  22  0   0
60  23  0   0
61  22  0   0
61  23  0   0
62  22  0   0
62  23  0   0
63  22  0   0
63  23  0   0
