#theta index_vtz p0(simu) p1(simu) p2(simu) p0    p1    p2 
0 0 0 0 0 0 0 0
0 1 0 0 0 0 0 0
0 2 0 0 0 0 0 0
0 3 0 0 0 0 0 0
0 4 0 0 0 0 0 0
0 5 0 0 0 0 0 0
0 6 0 0 0 0 0 0
0 7 0 0 0 0 0 0
0 8 0 0 0 0 0 0
0 9 0 0 0 0 0 0
1 0 0 0 0 0 0 0
1 1 0 0 0 0 0 0
1 2 0 0 0 0 0 0
1 3 0 0 0 0 0 0
1 4 0 0 0 0 0 0
1 5 0 0 0 0 0 0
1 6 0 0 0 0 0 0
1 7 0 0 0 0 0 0
1 8 0 0 0 0 0 0
1 9 0 0 0 0 0 0
2 0 0 0 0 0 0 0
2 1 0 0 0 0 0 0
2 2 0 0 0 0 0 0
2 3 0 0 0 0 0 0
2 4 0 0 0 0 0 0
2 5 0 0 0 0 0 0
2 6 0 0 0 0 0 0
2 7 0 0 0 0 0 0
2 8 0 0 0 0 0 0
2 9 0 0 0 0 0 0
3 0 0 0 0 0 0 0
3 1 0 0 0 0 0 0
3 2 0 0 0 0 0 0
3 3 0 0 0 0 0 0
3 4 0 0 0 0 0 0
3 5 0 0 0 0 0 0
3 6 0 0 0 0 0 0
3 7 0 0 0 0 0 0
3 8 0 0 0 0 0 0
3 9 0 0 0 0 0 0
4 0 0 0 0 0 0 0
4 1 0 0 0 0 0 0
4 2 0 0 0 0 0 0
4 3 0 0 0 0 0 0
4 4 0 0 0 0 0 0
4 5 0 0 0 0 0 0
4 6 0 0 0 0 0 0
4 7 0 0 0 0 0 0
4 8 0 0 0 0 0 0
4 9 0 0 0 0 0 0
5 0 0 0 0 0 0 0
5 1 0 0 0 0 0 0
5 2 0 0 0 0 0 0
5 3 0 0 0 0 0 0
5 4 0 0 0 0 0 0
5 5 0 0 0 0 0 0
5 6 0 0 0 0 0 0
5 7 0 0 0 0 0 0
5 8 0 0 0 0 0 0
5 9 0 0 0 0 0 0
6 0 0 0 0 0 0 0
6 1 0 0 0 0 0 0
6 2 0 0 0 0 0 0
6 3 0 0 0 0 0 0
6 4 0 0 0 0 0 0
6 5 0 0 0 0 0 0
6 6 0 0 0 0 0 0
6 7 0 0 0 0 0 0
6 8 0 0 0 0 0 0
6 9 0 0 0 0 0 0
7 0 0 0 0 0 0 0
7 1 0 0 0 0 0 0
7 2 0 0 0 0 0 0
7 3 0 0 0 0 0 0
7 4 0 0 0 0 0 0
7 5 0 0 0 0 0 0
7 6 0 0 0 0 0 0
7 7 0 0 0 0 0 0
7 8 0 0 0 0 0 0
7 9 0 0 0 0 0 0
8 0 0 0 0 0 0 0
8 1 0 0 0 0 0 0
8 2 0 0 0 0 0 0
8 3 0 0 0 0 0 0
8 4 0 0 0 0 0 0
8 5 0 0 0 0 0 0
8 6 0 0 0 0 0 0
8 7 0 0 0 0 0 0
8 8 0 0 0 0 0 0
8 9 0 0 0 0 0 0
9 0 0 0 0 0 0 0
9 1 0 0 0 0 0 0
9 2 0 0 0 0 0 0
9 3 0 0 0 0 0 0
9 4 0 0 0 0 0 0
9 5 0 0 0 0 0 0
9 6 0 0 0 0 0 0
9 7 0 0 0 0 0 0
9 8 0 0 0 0 0 0
9 9 0 0 0 0 0 0
10 0 0.351378 0.367705 0.00451294 0 0 0
10 1 0.0877746 0.367705 0.01 0 0 0
10 2 0.0185539 0.367705 0.01 0 0 0
10 3 0 0 0 0 0 0
10 4 0 0 0 0 0 0
10 5 0 0 0 0 0 0
10 6 0 0 0 0 0 0
10 7 0 0 0 0 0 0
10 8 0 0 0 0 0 0
10 9 0 0 0 0 0 0
11 0 0.76682 0.373824 0.00635905 0 0 0
11 1 0.410725 0.365089 0.00867425 0.9 0.411233 0.01
11 2 0.0973712 0.373824 0.01 0 0 0
11 3 0.0187219 0.373824 0.01 0 0 0
11 4 0 0 0 0 0 0
11 5 0 0 0 0 0 0
11 6 0 0 0 0 0 0
11 7 0 0 0 0 0 0
11 8 0 0 0 0 0 0
11 9 0 0 0 0 0 0
12 0 0.965598 0.367423 0.0106004 0.9 0.402574 0.01
12 1 0.778806 0.36664 0.0089188 0.9 0.402574 0.01
12 2 0.399778 0.351312 0.00221686 0 0 0
12 3 0.059585 0.367423 0.01 0 0 0
12 4 0.0176886 0.367423 0.01 0 0 0
12 5 0 0 0 0 0 0
12 6 0 0 0 0 0 0
12 7 0 0 0 0 0 0
12 8 0 0 0 0 0 0
12 9 0 0 0 0 0 0
13 0 0.979816 0.358632 0.00802853 0.9 0.392039 0.01
13 1 0.96568 0.359437 0.00831205 0.416667 0.392039 0.01
13 2 0.756534 0.35347 0.0132996 0.9 0.392039 0.01
13 3 0.325634 0.348347 0.00333408 0.466667 0.392039 0.01
13 4 0.0386911 0.358632 1.64603e-05 0.52381 0.392039 0.01
13 5 0 0 0 0 0 0
13 6 0 0 0 0 0 0
13 7 0 0 0 0 0 0
13 8 0 0 0 0 0 0
13 9 0 0 0 0 0 0
14 0 0.977183 0.350349 0.00639967 0.522459 0.382239 0.01
14 1 0.97952 0.348544 0.00832267 0.4559 0.382239 0.01
14 2 0.939865 0.351322 0.00872485 0.792453 0.382239 0.01
14 3 0.666832 0.344393 0.00490156 0.834701 0.382239 0.01
14 4 0.200018 0.350349 6.1549e-06 0.758333 0.382239 0.01
14 5 0.018961 0.350349 6.1549e-06 0.659124 0.382239 0.01
14 6 0 0 0 0.0526316 0.382239 0.01
14 7 0 0 0 0 0 0
14 8 0 0 0 0 0 0
14 9 0 0 0 0 0 0
15 0 0.981534 0.342378 0.00851425 0.575926 0.37295 0.01
15 1 0.980138 0.343142 0.00748833 0.734631 0.37295 0.01
15 2 0.979868 0.343754 0.00740881 0.837382 0.37295 0.01
15 3 0.891056 0.342876 0.00663547 0.901216 0.37295 0.01
15 4 0.497733 0.335504 0.00515353 0.809062 0.37295 0.01
15 5 0.0664254 0.342378 0.00551031 0.72565 0.37295 0.01
15 6 0.0162998 0.342378 0.00551031 0.475333 0.37295 0.01
15 7 0 0 0 0.237316 0.37295 0.01
15 8 0 0 0 0 0 0
15 9 0 0 0 0 0 0
16 0 0.983752 0.337177 0.00720845 0.79533 0.366419 0.01
16 1 0.984403 0.335321 0.0053324 0.858644 0.366419 0.01
16 2 0.982162 0.339704 0.00815121 0.900492 0.366419 0.01
16 3 0.972478 0.337881 0.00703675 0.908098 0.366419 0.01
16 4 0.777992 0.338284 0.00654151 0.88756 0.366419 0.01
16 5 0.250241 0.331989 8.78868e-07 0.7473 0.366419 0.01
16 6 0.0193047 0.337177 0.000841949 0.58614 0.366419 0.01
16 7 0 0 0 0.177503 0.366419 0.01
16 8 0 0 0 0.0658807 0.366419 0.01
16 9 0 0 0 0.0212766 0.366419 0.01
17 0 0.98222 0.335458 0.00605437 0.880332 0.363293 0.01
17 1 0.98281 0.333083 0.00590525 0.913474 0.363293 0.01
17 2 0.984495 0.332749 0.00785531 0.934861 0.363293 0.01
17 3 0.982069 0.330615 0.00733624 0.941617 0.363293 0.01
17 4 0.945483 0.332957 0.00696901 0.903757 0.363293 0.01
17 5 0.542003 0.325894 0.00474895 0.837616 0.363293 0.01
17 6 0.062246 0.335458 0.0884308 0.641235 0.363293 0.01
17 7 0 0 0 0.284607 0.363293 0.01
17 8 0 0 0 0.0778193 0.363293 0.01
17 9 0 0 0 0.0201005 0.363293 0.01
18 0 0.982875 0.329518 0.00534645 0.90886 0.356373 0.01
18 1 0.982151 0.327805 0.00668135 0.944413 0.356373 0.01
18 2 0.984592 0.327932 0.00633774 0.955223 0.356373 0.01
18 3 0.986142 0.327349 0.0054723 0.934723 0.356373 0.01
18 4 0.977993 0.329523 0.00498044 0.921494 0.356373 0.01
18 5 0.786847 0.324435 0.00516205 0.897593 0.356373 0.01
18 6 0.21387 0.329518 0.00748482 0.764365 0.356373 0.01
18 7 0.0162505 0.329518 0.00748482 0.416709 0.356373 0.01
18 8 0 0 0 0.0957911 0.356373 0.01
18 9 0 0 0 0.0104591 0.356373 0.01
19 0 0.984614 0.323387 0.00456442 0.939124 0.349391 0.01
19 1 0.984436 0.323072 0.00600741 0.958751 0.349391 0.01
19 2 0.983838 0.323342 0.00629735 0.945269 0.349391 0.01
19 3 0.981139 0.32334 0.00663221 0.955281 0.349391 0.01
19 4 0.981911 0.325254 0.00597169 0.948466 0.349391 0.01
19 5 0.945305 0.326702 0.00808369 0.908764 0.349391 0.01
19 6 0.437769 0.316217 0.004499 0.802666 0.349391 0.01
19 7 0.0445247 0.323387 0.435508 0.467981 0.349391 0.01
19 8 0 0 0 0.14862 0.349391 0.01
19 9 0 0 0 0.0147725 0.349391 0.01
20 0 0.986318 0.31844 0.00683331 0.948679 0.343614 0.01
20 1 0.980579 0.320914 0.00539624 0.958599 0.343614 0.01
20 2 0.984965 0.321196 0.00529723 0.96038 0.343614 0.01
20 3 0.983018 0.320199 0.00764145 0.944491 0.343614 0.01
20 4 0.984648 0.318294 0.00581224 0.945086 0.343614 0.01
20 5 0.977194 0.31937 0.00627354 0.924527 0.343614 0.01
20 6 0.696644 0.316888 0.00514684 0.865306 0.343614 0.01
20 7 0.164057 0.31844 0.940761 0.560543 0.343614 0.01
20 8 0 0 0 0.22421 0.343614 0.01
20 9 0 0 0 0.0463172 0.343614 0.01
21 0 0.982981 0.314119 0.00660539 0.961855 0.338511 0.01
21 1 0.986997 0.317515 0.00602132 0.964169 0.338511 0.01
21 2 0.983563 0.316124 0.00586873 0.961499 0.338511 0.01
21 3 0.984838 0.314212 0.00490679 0.953175 0.338511 0.01
21 4 0.984912 0.316075 0.00654128 0.949121 0.338511 0.01
21 5 0.985152 0.315956 0.00535901 0.940972 0.338511 0.01
21 6 0.874014 0.313777 0.00544342 0.874291 0.338511 0.01
21 7 0.22662 0.314119 0.0104046 0.621007 0.338511 0.01
21 8 0.0162825 0.314119 0.0104046 0.290049 0.338511 0.01
21 9 0 0 0 0.0687918 0.338511 0.01
22 0 0.985986 0.309875 0.0060925 0.957957 0.333558 0.01
22 1 0.98507 0.311125 0.00564387 0.966275 0.333558 0.01
22 2 0.984052 0.313512 0.0053413 0.960887 0.333558 0.01
22 3 0.981809 0.310271 0.00632655 0.95966 0.333558 0.01
22 4 0.986309 0.310231 0.0052878 0.955852 0.333558 0.01
22 5 0.981916 0.310707 0.0071777 0.950569 0.333558 0.01
22 6 0.961443 0.31062 0.00595002 0.893904 0.333558 0.01
22 7 0.43444 0.305169 0.0135595 0.701624 0.333558 0.01
22 8 0.0194478 0.309875 0.0196167 0.359156 0.333558 0.01
22 9 0 0 0 0.0931275 0.333558 0.01
23 0 0.988447 0.304711 0.00497288 0.97144 0.327813 0.01
23 1 0.983673 0.308334 0.00560374 0.96869 0.327813 0.01
23 2 0.985379 0.306192 0.00419621 0.963843 0.327813 0.01
23 3 0.986798 0.305146 0.00579243 0.962542 0.327813 0.01
23 4 0.98648 0.307665 0.00481686 0.955543 0.327813 0.01
23 5 0.985964 0.30745 0.00618347 0.952041 0.327813 0.01
23 6 0.981083 0.307709 0.00468267 0.916268 0.327813 0.01
23 7 0.645674 0.306603 0.00694477 0.746962 0.327813 0.01
23 8 0.0445224 0.304711 0.0262465 0.444911 0.327813 0.01
23 9 0 0 0 0.141696 0.327813 0.01
24 0 0.983847 0.304558 0.0078337 0.972502 0.326828 0.01
24 1 0.986257 0.304372 0.00478274 0.96725 0.326828 0.01
24 2 0.987927 0.304704 0.00430246 0.97057 0.326828 0.01
24 3 0.986535 0.303149 0.0060615 0.960591 0.326828 0.01
24 4 0.986656 0.302924 0.0062922 0.964724 0.326828 0.01
24 5 0.985804 0.303501 0.00510703 0.956413 0.326828 0.01
24 6 0.982586 0.304762 0.00623104 0.934321 0.326828 0.01
24 7 0.839426 0.301707 0.00556605 0.799496 0.326828 0.01
24 8 0.136594 0.304558 0.0228304 0.520449 0.326828 0.01
24 9 0 0 0 0.187142 0.326828 0.01
25 0 0.985874 0.297568 0.00485533 0.96915 0.319486 0.01
25 1 0.986402 0.301257 0.00618218 0.969097 0.319486 0.01
25 2 0.98818 0.300607 0.00591593 0.969523 0.319486 0.01
25 3 0.986378 0.301059 0.00523241 0.962433 0.319486 0.01
25 4 0.983996 0.299591 0.00653569 0.959735 0.319486 0.01
25 5 0.987505 0.300536 0.00620242 0.957343 0.319486 0.01
25 6 0.987414 0.300109 0.00491612 0.94069 0.319486 0.01
25 7 0.936498 0.303355 0.00694635 0.844114 0.319486 0.01
25 8 0.255987 0.29433 0.00410434 0.606896 0.319486 0.01
25 9 0 0 0 0.246128 0.319486 0.01
26 0 0.989381 0.297369 0.00556721 0.96391 0.318568 0.01
26 1 0.985454 0.297311 0.00560155 0.969812 0.318568 0.01
26 2 0.985682 0.296285 0.00538191 0.966433 0.318568 0.01
26 3 0.984617 0.298803 0.00577244 0.963642 0.318568 0.01
26 4 0.988349 0.298773 0.00446781 0.959008 0.318568 0.01
26 5 0.986029 0.297024 0.00491135 0.956159 0.318568 0.01
26 6 0.988513 0.299474 0.00474908 0.946432 0.318568 0.01
26 7 0.97212 0.293552 0.00509849 0.889625 0.318568 0.01
26 8 0.432043 0.290398 0.00559843 0.675846 0.318568 0.01
26 9 0.0173153 0.297369 0.02092 0.316046 0.318568 0.01
27 0 0.988597 0.293573 0.00497211 0.969887 0.314317 0.01
27 1 0.988586 0.29395 0.0055497 0.964792 0.314317 0.01
27 2 0.982996 0.294979 0.005051 0.963957 0.314317 0.01
27 3 0.99039 0.296723 0.00497602 0.959422 0.314317 0.01
27 4 0.986168 0.293531 0.00457875 0.960229 0.314317 0.01
27 5 0.98852 0.293032 0.00493248 0.956042 0.314317 0.01
27 6 0.983831 0.295787 0.00498269 0.944904 0.314317 0.01
27 7 0.984615 0.294062 0.0050698 0.894694 0.314317 0.01
27 8 0.603183 0.29041 0.00597021 0.728768 0.314317 0.01
27 9 0.0249348 0.293573 0.0257719 0.391884 0.314317 0.01
28 0 0.986177 0.290659 0.00595318 0.961472 0.310938 0.01
28 1 0.98463 0.292798 0.00529792 0.9625 0.310938 0.01
28 2 0.987252 0.292397 0.00493001 0.964406 0.310938 0.01
28 3 0.985559 0.290755 0.00471847 0.959204 0.310938 0.01
28 4 0.984747 0.290964 0.00518231 0.952167 0.310938 0.01
28 5 0.988462 0.293298 0.0056034 0.94957 0.310938 0.01
28 6 0.98666 0.292258 0.00535962 0.948549 0.310938 0.01
28 7 0.98361 0.293571 0.00593688 0.908108 0.310938 0.01
28 8 0.760403 0.292201 0.00527424 0.79552 0.310938 0.01
28 9 0.0488782 0.290659 0.023794 0.473731 0.310938 0.01
29 0 0.987399 0.288946 0.00445328 0.959776 0.308726 0.01
29 1 0.98686 0.288217 0.00436093 0.961518 0.308726 0.01
29 2 0.987033 0.290169 0.00572353 0.957907 0.308726 0.01
29 3 0.98802 0.291006 0.00538275 0.961692 0.308726 0.01
29 4 0.989605 0.288851 0.00579532 0.951834 0.308726 0.01
29 5 0.986012 0.289108 0.00458933 0.949372 0.308726 0.01
29 6 0.988516 0.29059 0.00423832 0.947124 0.308726 0.01
29 7 0.988394 0.28862 0.00618346 0.925505 0.308726 0.01
29 8 0.901526 0.288996 0.00396186 0.832941 0.308726 0.01
29 9 0.121767 0.278974 0.00371107 0.54016 0.308726 0.01
30 0 0.986445 0.287087 0.00521612 0.955262 0.306411 0.01
30 1 0.988044 0.289212 0.00595256 0.958918 0.306411 0.01
30 2 0.987711 0.2875 0.00525522 0.953819 0.306411 0.01
30 3 0.988303 0.288486 0.00527043 0.958214 0.306411 0.01
30 4 0.987856 0.28476 0.00540072 0.949768 0.306411 0.01
30 5 0.988344 0.286031 0.00508573 0.947116 0.306411 0.01
30 6 0.988907 0.288062 0.00464605 0.949437 0.306411 0.01
30 7 0.986191 0.286325 0.00497709 0.925418 0.306411 0.01
30 8 0.948903 0.284559 0.00484093 0.858785 0.306411 0.01
30 9 0.22864 0.288225 0.099124 0.616927 0.306411 0.01
31 0 0.988548 0.284346 0.00561279 0.951823 0.303298 0.01
31 1 0.987034 0.285264 0.00575429 0.955803 0.303298 0.01
31 2 0.985867 0.2848 0.00542903 0.953063 0.303298 0.01
31 3 0.986774 0.285068 0.0048386 0.952485 0.303298 0.01
31 4 0.98722 0.285589 0.00485563 0.946417 0.303298 0.01
31 5 0.98795 0.28447 0.0056933 0.938288 0.303298 0.01
31 6 0.987452 0.28425 0.00524247 0.942119 0.303298 0.01
31 7 0.9882 0.284521 0.00463333 0.926728 0.303298 0.01
31 8 0.978567 0.285499 0.00497526 0.883581 0.303298 0.01
31 9 0.346212 0.28123 0.00394958 0.676926 0.303298 0.01
32 0 0.9852 0.283313 0.00475403 0.942772 0.301825 0.01
32 1 0.99057 0.282246 0.0046855 0.94985 0.301825 0.01
32 2 0.986022 0.282045 0.00443182 0.946022 0.301825 0.01
32 3 0.985655 0.280565 0.00514521 0.945752 0.301825 0.01
32 4 0.985978 0.283998 0.00415969 0.938927 0.301825 0.01
32 5 0.985121 0.281642 0.00590375 0.938728 0.301825 0.01
32 6 0.988995 0.281199 0.0047878 0.943136 0.301825 0.01
32 7 0.989127 0.281954 0.00510355 0.925372 0.301825 0.01
32 8 0.984423 0.281932 0.00410789 0.894754 0.301825 0.01
32 9 0.491781 0.272648 0.00395879 0.733895 0.301825 0.01
33 0 0.988451 0.279992 0.00429369 0.936185 0.298218 0.01
33 1 0.986651 0.280871 0.00391634 0.942483 0.298218 0.01
33 2 0.987125 0.280857 0.00534487 0.938341 0.298218 0.01
33 3 0.985588 0.279574 0.00530026 0.937858 0.298218 0.01
33 4 0.986745 0.283658 0.00413418 0.933518 0.298218 0.01
33 5 0.987911 0.281006 0.00405257 0.926226 0.298218 0.01
33 6 0.989113 0.279552 0.00465518 0.935026 0.298218 0.01
33 7 0.990358 0.281613 0.00518158 0.923555 0.298218 0.01
33 8 0.987709 0.280599 0.00464134 0.89889 0.298218 0.01
33 9 0.596908 0.271447 0.00424738 0.770617 0.298218 0.01
34 0 0.987899 0.27802 0.00420445 0.932537 0.29591 0.01
34 1 0.986127 0.277915 0.00424424 0.933152 0.29591 0.01
34 2 0.988265 0.276693 0.00453887 0.936018 0.29591 0.01
34 3 0.986721 0.277008 0.00608884 0.931999 0.29591 0.01
34 4 0.991357 0.278362 0.00577832 0.92696 0.29591 0.01
34 5 0.987564 0.277966 0.00454819 0.925566 0.29591 0.01
34 6 0.990105 0.27902 0.00574547 0.930369 0.29591 0.01
34 7 0.990832 0.279958 0.00567918 0.923241 0.29591 0.01
34 8 0.9868 0.277136 0.00650923 0.903588 0.29591 0.01
34 9 0.744685 0.271769 0.00283681 0.805153 0.29591 0.01
35 0 0.986598 0.275289 0.0057216 0.924 0.292908 0.01
35 1 0.98932 0.276137 0.00440887 0.924523 0.292908 0.01
35 2 0.987716 0.276506 0.00503629 0.926131 0.292908 0.01
35 3 0.987037 0.275934 0.00388583 0.919947 0.292908 0.01
35 4 0.988737 0.275268 0.0037208 0.916932 0.292908 0.01
35 5 0.988337 0.274945 0.0048955 0.917299 0.292908 0.01
35 6 0.986998 0.273788 0.00399838 0.921592 0.292908 0.01
35 7 0.990465 0.27827 0.0065935 0.914369 0.292908 0.01
35 8 0.987538 0.277975 0.00344146 0.89911 0.292908 0.01
35 9 0.857507 0.270326 0.00379781 0.827992 0.292908 0.01
36 0 0.987695 0.27413 0.00459158 0.914281 0.291413 0.01
36 1 0.988635 0.272927 0.00389357 0.913023 0.291413 0.01
36 2 0.989234 0.274184 0.00402962 0.91574 0.291413 0.01
36 3 0.987184 0.272949 0.00345096 0.916318 0.291413 0.01
36 4 0.989525 0.274583 0.00426719 0.912945 0.291413 0.01
36 5 0.988698 0.273135 0.00565038 0.910032 0.291413 0.01
36 6 0.988961 0.272462 0.00392848 0.920024 0.291413 0.01
36 7 0.990171 0.274851 0.00516649 0.90799 0.291413 0.01
36 8 0.98872 0.273845 0.00532399 0.895358 0.291413 0.01
36 9 0.933779 0.269594 0.00426106 0.841904 0.291413 0.01
37 0 0.987725 0.270121 0.00538915 0.906059 0.287242 0.01
37 1 0.988327 0.270778 0.00511775 0.909185 0.287242 0.01
37 2 0.988506 0.27135 0.0036521 0.91172 0.287242 0.01
37 3 0.988843 0.271807 0.00415222 0.911671 0.287242 0.01
37 4 0.988295 0.272584 0.00380468 0.906917 0.287242 0.01
37 5 0.987384 0.271744 0.00406973 0.908788 0.287242 0.01
37 6 0.988272 0.272765 0.00498097 0.911551 0.287242 0.01
37 7 0.987961 0.271605 0.00412199 0.906127 0.287242 0.01
37 8 0.988817 0.271811 0.00422549 0.896534 0.287242 0.01
37 9 0.968619 0.2692 0.00457629 0.85589 0.287242 0.01
38 0 0.991113 0.271421 0.00555718 0.903177 0.288111 0.01
38 1 0.987641 0.271056 0.00412846 0.900435 0.288111 0.01
38 2 0.988958 0.2713 0.00557026 0.904735 0.288111 0.01
38 3 0.988449 0.270622 0.00452236 0.908394 0.288111 0.01
38 4 0.989018 0.270798 0.00396248 0.898094 0.288111 0.01
38 5 0.991013 0.271313 0.00481769 0.901262 0.288111 0.01
38 6 0.988665 0.271528 0.00450841 0.904717 0.288111 0.01
38 7 0.991139 0.26981 0.00488825 0.903852 0.288111 0.01
38 8 0.990013 0.270792 0.00407923 0.892832 0.288111 0.01
38 9 0.980818 0.265249 0.00418831 0.872951 0.288111 0.01
39 0 0.988435 0.269247 0.0047597 0.896652 0.285711 0.01
39 1 0.991404 0.266876 0.00398019 0.893099 0.285711 0.01
39 2 0.988477 0.268977 0.00343575 0.897829 0.285711 0.01
39 3 0.986765 0.269978 0.00448605 0.90052 0.285711 0.01
39 4 0.989522 0.268366 0.00534751 0.892861 0.285711 0.01
39 5 0.990591 0.268319 0.00462687 0.895811 0.285711 0.01
39 6 0.987722 0.270958 0.00492721 0.901838 0.285711 0.01
39 7 0.990764 0.269328 0.00485853 0.903265 0.285711 0.01
39 8 0.989069 0.26888 0.00442645 0.889503 0.285711 0.01
39 9 0.985432 0.267227 0.00432226 0.870911 0.285711 0.01
40 0 0.987678 0.267362 0.00388012 0.890682 0.2836 0.01
40 1 0.98823 0.265917 0.00502895 0.888685 0.2836 0.01
40 2 0.989355 0.267542 0.00462556 0.893761 0.2836 0.01
40 3 0.988029 0.267902 0.00422688 0.898322 0.2836 0.01
40 4 0.989483 0.269309 0.00417644 0.889706 0.2836 0.01
40 5 0.990685 0.266331 0.00328999 0.898213 0.2836 0.01
40 6 0.986984 0.265747 0.00448073 0.903421 0.2836 0.01
40 7 0.98932 0.26914 0.00333689 0.894664 0.2836 0.01
40 8 0.989378 0.267788 0.00434822 0.888795 0.2836 0.01
40 9 0.989786 0.263585 0.00474773 0.868737 0.2836 0.01
41 0 0.986724 0.265961 0.00347869 0.891186 0.281963 0.01
41 1 0.990755 0.266757 0.00515147 0.886495 0.281963 0.01
41 2 0.990874 0.266586 0.00424558 0.892481 0.281963 0.01
41 3 0.988128 0.266699 0.00466539 0.889554 0.281963 0.01
41 4 0.987967 0.264992 0.00389531 0.888149 0.281963 0.01
41 5 0.98759 0.265847 0.00368557 0.894647 0.281963 0.01
41 6 0.98762 0.267031 0.00421152 0.89557 0.281963 0.01
41 7 0.99135 0.264878 0.00378493 0.890978 0.281963 0.01
41 8 0.989103 0.265385 0.00444947 0.881221 0.281963 0.01
41 9 0.987574 0.263536 0.00323634 0.87484 0.281963 0.01
42 0 0.988638 0.2649 0.00335089 0.879974 0.280663 0.01
42 1 0.987934 0.26604 0.00428062 0.887735 0.280663 0.01
42 2 0.988422 0.262765 0.00508233 0.886642 0.280663 0.01
42 3 0.987419 0.264004 0.00342468 0.891298 0.280663 0.01
42 4 0.987893 0.264263 0.00364768 0.892341 0.280663 0.01
42 5 0.990335 0.264299 0.00454997 0.88871 0.280663 0.01
42 6 0.989016 0.264026 0.00353604 0.890145 0.280663 0.01
42 7 0.991261 0.265004 0.00363159 0.893064 0.280663 0.01
42 8 0.98844 0.266173 0.00443516 0.88398 0.280663 0.01
42 9 0.98959 0.261435 0.00372555 0.872081 0.280663 0.01
43 0 0.991002 0.264505 0.00414753 0.882994 0.280008 0.01
43 1 0.988038 0.263445 0.00434102 0.877422 0.280008 0.01
43 2 0.991352 0.262571 0.00491082 0.883083 0.280008 0.01
43 3 0.992408 0.263373 0.00621764 0.888059 0.280008 0.01
43 4 0.988313 0.264482 0.00420337 0.878475 0.280008 0.01
43 5 0.987389 0.263593 0.00413085 0.887059 0.280008 0.01
43 6 0.990024 0.26331 0.00398213 0.891335 0.280008 0.01
43 7 0.987292 0.264835 0.00418109 0.887217 0.280008 0.01
43 8 0.986148 0.263751 0.00442927 0.877877 0.280008 0.01
43 9 0.987567 0.260107 0.00491372 0.865587 0.280008 0.01
44 0 0.990807 0.262669 0.00521482 0.884887 0.277998 0.01
44 1 0.987017 0.260978 0.00379554 0.880504 0.277998 0.01
44 2 0.988021 0.261596 0.00357544 0.88314 0.277998 0.01
44 3 0.990162 0.263272 0.00391522 0.882947 0.277998 0.01
44 4 0.989694 0.260459 0.00387254 0.884759 0.277998 0.01
44 5 0.987258 0.260932 0.00500265 0.885816 0.277998 0.01
44 6 0.990051 0.260399 0.00391771 0.883334 0.277998 0.01
44 7 0.988971 0.262831 0.0037445 0.885391 0.277998 0.01
44 8 0.98657 0.263646 0.00392111 0.874292 0.277998 0.01
44 9 0.989213 0.259747 0.00267369 0.871981 0.277998 0.01
45 0 0.990157 0.258716 0.00420514 0.878927 0.273993 0.01
45 1 0.988938 0.261881 0.00409416 0.877536 0.273993 0.01
45 2 0.99181 0.261925 0.00440287 0.882083 0.273993 0.01
45 3 0.98964 0.259564 0.00477343 0.878845 0.273993 0.01
45 4 0.987467 0.261668 0.00534623 0.885119 0.273993 0.01
45 5 0.988743 0.26033 0.0043015 0.884604 0.273993 0.01
45 6 0.991191 0.262038 0.00563759 0.881549 0.273993 0.01
45 7 0.988168 0.261298 0.0046152 0.881785 0.273993 0.01
45 8 0.986774 0.262055 0.00367726 0.881969 0.273993 0.01
45 9 0.98764 0.257076 0.00502648 0.864761 0.273993 0.01
46 0 0.990237 0.259833 0.00350354 0.878982 0.274809 0.01
46 1 0.991537 0.260698 0.00525096 0.882162 0.274809 0.01
46 2 0.990325 0.259341 0.00371189 0.880693 0.274809 0.01
46 3 0.987708 0.259662 0.00398322 0.8756 0.274809 0.01
46 4 0.987623 0.258384 0.00491069 0.879329 0.274809 0.01
46 5 0.990697 0.258657 0.00401975 0.886812 0.274809 0.01
46 6 0.987498 0.258223 0.00485561 0.871377 0.274809 0.01
46 7 0.987549 0.257839 0.00471346 0.875013 0.274809 0.01
46 8 0.98933 0.257371 0.00444662 0.875467 0.274809 0.01
46 9 0.991049 0.25784 0.0045838 0.864789 0.274809 0.01
47 0 0.990807 0.257739 0.00510562 0.881313 0.272588 0.01
47 1 0.988296 0.25732 0.00332029 0.879179 0.272588 0.01
47 2 0.988207 0.257914 0.00367635 0.880279 0.272588 0.01
47 3 0.991097 0.258604 0.00474317 0.876141 0.272588 0.01
47 4 0.986859 0.259657 0.00406368 0.877435 0.272588 0.01
47 5 0.989737 0.257732 0.00366516 0.877342 0.272588 0.01
47 6 0.988059 0.259506 0.00337073 0.875439 0.272588 0.01
47 7 0.985701 0.257077 0.00463354 0.876815 0.272588 0.01
47 8 0.988332 0.257873 0.00528695 0.872524 0.272588 0.01
47 9 0.990201 0.254882 0.00382537 0.857474 0.272588 0.01
48 0 0.992531 0.257342 0.00468843 0.885699 0.271988 0.01
48 1 0.991247 0.257508 0.00423548 0.878086 0.271988 0.01
48 2 0.988651 0.255528 0.00420281 0.882677 0.271988 0.01
48 3 0.989904 0.257802 0.00416723 0.879642 0.271988 0.01
48 4 0.98886 0.257836 0.00474945 0.879732 0.271988 0.01
48 5 0.987897 0.255967 0.00422052 0.881684 0.271988 0.01
48 6 0.989186 0.256839 0.00350938 0.871307 0.271988 0.01
48 7 0.989751 0.258464 0.00542994 0.878197 0.271988 0.01
48 8 0.991452 0.257191 0.00453814 0.873484 0.271988 0.01
48 9 0.990687 0.255953 0.00405717 0.858549 0.271988 0.01
49 0 0.990478 0.255481 0.00450922 0.874649 0.270009 0.01
49 1 0.988771 0.254675 0.00390098 0.886493 0.270009 0.01
49 2 0.991436 0.25739 0.0041249 0.877216 0.270009 0.01
49 3 0.991469 0.254137 0.00409797 0.873654 0.270009 0.01
49 4 0.992763 0.255432 0.00502161 0.88533 0.270009 0.01
49 5 0.989785 0.256797 0.00485838 0.880324 0.270009 0.01
49 6 0.990008 0.257513 0.00342888 0.873621 0.270009 0.01
49 7 0.98933 0.255442 0.00546756 0.873346 0.270009 0.01
49 8 0.989019 0.256194 0.00424445 0.871273 0.270009 0.01
49 9 0.989623 0.253281 0.00345117 0.85994 0.270009 0.01
50 0 0.989693 0.255447 0.00353795 0.882994 0.269774 0.01
50 1 0.988515 0.254516 0.0035233 0.878484 0.269774 0.01
50 2 0.987068 0.255831 0.00459909 0.881178 0.269774 0.01
50 3 0.988109 0.255137 0.00402725 0.875166 0.269774 0.01
50 4 0.988532 0.255828 0.00419921 0.881171 0.269774 0.01
50 5 0.990388 0.256008 0.00344061 0.891117 0.269774 0.01
50 6 0.991459 0.252339 0.00338111 0.87935 0.269774 0.01
50 7 0.989688 0.254072 0.00462072 0.874549 0.269774 0.01
50 8 0.990749 0.254842 0.00423075 0.873443 0.269774 0.01
50 9 0.987488 0.25408 0.00409966 0.853471 0.269774 0.01
51 0 0.989782 0.254306 0.0048008 0.872857 0.268496 0.01
51 1 0.989228 0.253782 0.0035672 0.881173 0.268496 0.01
51 2 0.988355 0.252884 0.00421286 0.876629 0.268496 0.01
51 3 0.990853 0.25308 0.00451862 0.872818 0.268496 0.01
51 4 0.99176 0.256158 0.004814 0.878595 0.268496 0.01
51 5 0.989564 0.254871 0.00378842 0.883767 0.268496 0.01
51 6 0.990115 0.253292 0.00390059 0.883423 0.268496 0.01
51 7 0.991483 0.255051 0.00440031 0.881217 0.268496 0.01
51 8 0.989435 0.253155 0.00399041 0.872958 0.268496 0.01
51 9 0.988179 0.251316 0.00375946 0.852404 0.268496 0.01
52 0 0.991294 0.252049 0.00349838 0.868185 0.266165 0.01
52 1 0.98884 0.254339 0.00458697 0.881785 0.266165 0.01
52 2 0.991012 0.252872 0.00504613 0.876569 0.266165 0.01
52 3 0.991048 0.250989 0.00411098 0.871482 0.266165 0.01
52 4 0.990885 0.251887 0.00332365 0.880932 0.266165 0.01
52 5 0.988778 0.252522 0.00444124 0.877186 0.266165 0.01
52 6 0.990686 0.252646 0.00424046 0.87797 0.266165 0.01
52 7 0.988623 0.254635 0.00485752 0.88898 0.266165 0.01
52 8 0.988474 0.250009 0.00531897 0.874652 0.266165 0.01
52 9 0.991918 0.251168 0.0040013 0.852708 0.266165 0.01
53 0 0.9918 0.253415 0.00325953 0.872314 0.267288 0.01
53 1 0.992469 0.252339 0.00449181 0.876677 0.267288 0.01
53 2 0.988269 0.250035 0.00345969 0.882641 0.267288 0.01
53 3 0.991979 0.2524 0.00486095 0.872278 0.267288 0.01
53 4 0.99044 0.253157 0.00490375 0.884413 0.267288 0.01
53 5 0.986963 0.252976 0.00336112 0.879074 0.267288 0.01
53 6 0.989631 0.250984 0.0048472 0.878401 0.267288 0.01
53 7 0.990146 0.252794 0.00424676 0.888078 0.267288 0.01
53 8 0.990507 0.25363 0.00450186 0.879019 0.267288 0.01
53 9 0.989895 0.250125 0.00328594 0.840999 0.267288 0.01
54 0 0.99062 0.251394 0.00478487 0.872775 0.267924 0.0133627
54 1 0.99047 0.249247 0.00460837 0.889734 0.267924 0.0133627
54 2 0.988637 0.250661 0.00254147 0.895999 0.267924 0.0133627
54 3 0.989132 0.252232 0.00478866 0.88602 0.267924 0.0133627
54 4 0.990609 0.251536 0.00383478 0.890239 0.267924 0.0133627
54 5 0.990304 0.249266 0.00423809 0.877175 0.267924 0.0133627
54 6 0.993008 0.252881 0.0036765 0.883468 0.267924 0.0133627
54 7 0.989813 0.251456 0.00428036 0.89983 0.267924 0.0133627
54 8 0.990934 0.250058 0.00337127 0.892337 0.267924 0.0133627
54 9 0.990803 0.251201 0.00372187 0.901689 0.267924 0.0133627
55 0 0.987054 0.253859 0.00481958 0.901218 0.268227 0.0145039
55 1 0.989764 0.250591 0.00354897 0.901218 0.268227 0.0145039
55 2 0.988906 0.249246 0.00440098 0.901218 0.268227 0.0145039
55 3 0.989507 0.249639 0.00332983 0.901218 0.268227 0.0145039
55 4 0.989368 0.252181 0.00323259 0.901218 0.268227 0.0145039
55 5 0.990938 0.250269 0.00513635 0.901218 0.268227 0.0145039
55 6 0.990514 0.25179 0.00418823 0.901218 0.268227 0.0145039
55 7 0.991248 0.251487 0.00329054 0.901218 0.268227 0.0145039
55 8 0.98944 0.249555 0.00408426 0.901218 0.268227 0.0145039
55 9 0.988889 0.24768 0.00341246 0.901218 0.268227 0.0145039
56 0 0.991638 0.247947 0.004706 0.917808 0.268695 0.0148502
56 1 0.990909 0.24857 0.00505556 0.917808 0.268695 0.0148502
56 2 0.992421 0.25117 0.00506389 0.917808 0.268695 0.0148502
56 3 0.988211 0.248713 0.0040697 0.917808 0.268695 0.0148502
56 4 0.990476 0.249596 0.00432497 0.917808 0.268695 0.0148502
56 5 0.989388 0.249494 0.00332811 0.917808 0.268695 0.0148502
56 6 0.988453 0.251367 0.00455233 0.917808 0.268695 0.0148502
56 7 0.989949 0.250693 0.00528413 0.917808 0.268695 0.0148502
56 8 0.990067 0.249592 0.00477321 0.917808 0.268695 0.0148502
56 9 0.990455 0.248093 0.00370988 0.917808 0.268695 0.0148502
57 0 0.989869 0.248489 0.00490586 0.917808 0.266835 0.0149556
57 1 0.991787 0.246744 0.00417198 0.917808 0.266835 0.0149556
57 2 0.991156 0.245862 0.00414437 0.917808 0.266835 0.0149556
57 3 0.989825 0.249747 0.00366685 0.917808 0.266835 0.0149556
57 4 0.990145 0.24783 0.00402907 0.917808 0.266835 0.0149556
57 5 0.987419 0.249621 0.00364716 0.917808 0.266835 0.0149556
57 6 0.989858 0.250213 0.00510746 0.917808 0.266835 0.0149556
57 7 0.989815 0.249275 0.00469569 0.917808 0.266835 0.0149556
57 8 0.989394 0.250212 0.00332107 0.917808 0.266835 0.0149556
57 9 0.989929 0.247723 0.0043185 0.917808 0.266835 0.0149556
58 0 0.990621 0.24797 0.00432387 0.917293 0.265413 0.0138866
58 1 0.991071 0.246206 0.00351011 0.917293 0.265413 0.0138866
58 2 0.991763 0.24675 0.00326832 0.917293 0.265413 0.0138866
58 3 0.989189 0.248477 0.00357856 0.917293 0.265413 0.0138866
58 4 0.989248 0.249646 0.00524705 0.917293 0.265413 0.0138866
58 5 0.990939 0.248057 0.00352807 0.917293 0.265413 0.0138866
58 6 0.989729 0.247677 0.00368183 0.917293 0.265413 0.0138866
58 7 0.987644 0.246826 0.00291778 0.917293 0.265413 0.0138866
58 8 0.988282 0.248017 0.00437073 0.917293 0.265413 0.0138866
58 9 0.989206 0.248243 0.00329208 0.917293 0.265413 0.0138866
59 0 0.990351 0.246927 0.00506189 0.917293 0.264338 0.0136276
59 1 0.988531 0.246339 0.00288967 0.917293 0.264338 0.0136276
59 2 0.992152 0.248329 0.00382351 0.917293 0.264338 0.0136276
59 3 0.989439 0.246573 0.00475052 0.917293 0.264338 0.0136276
59 4 0.989599 0.244759 0.00453839 0.917293 0.264338 0.0136276
59 5 0.98936 0.247117 0.00371468 0.917293 0.264338 0.0136276
59 6 0.989669 0.247226 0.00329738 0.917293 0.264338 0.0136276
59 7 0.989761 0.247049 0.00386715 0.917293 0.264338 0.0136276
59 8 0.990024 0.247995 0.00342419 0.917293 0.264338 0.0136276
59 9 0.991632 0.244128 0.00347528 0.917293 0.264338 0.0136276
60 0 0.992526 0.246087 0.00495353 0.921554 0.264316 0.0143672
60 1 0.990623 0.245728 0.00469707 0.921554 0.264316 0.0143672
60 2 0.991991 0.245568 0.00278185 0.921554 0.264316 0.0143672
60 3 0.991541 0.246086 0.00507916 0.921554 0.264316 0.0143672
60 4 0.993572 0.248313 0.00378949 0.921554 0.264316 0.0143672
60 5 0.9913 0.24498 0.00449975 0.921554 0.264316 0.0143672
60 6 0.990988 0.246272 0.00287342 0.921554 0.264316 0.0143672
60 7 0.990461 0.246972 0.0048619 0.921554 0.264316 0.0143672
60 8 0.990563 0.24695 0.00245657 0.921554 0.264316 0.0143672
60 9 0.991363 0.245944 0.00411445 0.921554 0.264316 0.0143672
61 0 0.99264 0.245525 0.00291846 0.921554 0.26481 0.0143884
61 1 0.991323 0.245601 0.00488617 0.921554 0.26481 0.0143884
61 2 0.99114 0.246932 0.0038319 0.921554 0.26481 0.0143884
61 3 0.991277 0.247603 0.00406003 0.921554 0.26481 0.0143884
61 4 0.988323 0.249136 0.00367804 0.921554 0.26481 0.0143884
61 5 0.991283 0.247172 0.0050112 0.921554 0.26481 0.0143884
61 6 0.990101 0.245889 0.00406149 0.921554 0.26481 0.0143884
61 7 0.992608 0.247971 0.00342764 0.921554 0.26481 0.0143884
61 8 0.990879 0.24611 0.00437698 0.921554 0.26481 0.0143884
61 9 0.989785 0.243583 0.00364594 0.921554 0.262854 0.0105
62 0 0.990946 0.246005 0.00413003 0.918381 0.264526 0.0141452
62 1 0.992874 0.242514 0.00600246 0.918381 0.264526 0.0141452
62 2 0.988284 0.245269 0.0039761 0.918381 0.264526 0.0141452
62 3 0.992476 0.244607 0.00435451 0.918381 0.264526 0.0141452
62 4 0.99103 0.245942 0.00411496 0.918381 0.264526 0.0141452
62 5 0.990022 0.245515 0.00518821 0.918381 0.264526 0.0141452
62 6 0.99207 0.24384 0.00440242 0.918381 0.264526 0.0141452
62 7 0.990585 0.244367 0.0038141 0.918381 0.264526 0.0141452
62 8 0.989611 0.245486 0.00349205 0.918381 0.264526 0.0141452
62 9 0.988993 0.244538 0.00383068 0.918381 0.263154 0.0105
63 0 0.991057 0.242926 0.00402913 0.918381 0.264973 0.0132584
63 1 0.991061 0.242701 0.0063528 0.918381 0.264973 0.0132584
63 2 0.992026 0.242802 0.0039986 0.918381 0.264973 0.0132584
63 3 0.990798 0.245058 0.00377365 0.918381 0.264973 0.0132584
63 4 0.98936 0.244642 0.0035499 0.918381 0.264973 0.0132584
63 5 0.989112 0.245944 0.00280565 0.918381 0.264973 0.0132584
63 6 0.989424 0.244192 0.00376613 0.918381 0.264973 0.0132584
63 7 0.990833 0.244154 0.00347993 0.918381 0.264973 0.0132584
63 8 0.991281 0.247446 0.00511519 0.918381 0.260118 0.0105
63 9 0.989714 0.245261 0.00497385 0.918381 0.260118 0.0105
64 0 0.989507 0.246015 0.00403833 0.914085 0.264075 0.0121555
64 1 0.991617 0.2436 0.00335215 0.914085 0.264075 0.0121555
64 2 0.991874 0.243486 0.00396831 0.914085 0.264075 0.0121555
64 3 0.992108 0.242645 0.00543407 0.914085 0.264075 0.0121555
64 4 0.989023 0.243045 0.00433814 0.914085 0.264075 0.0121555
64 5 0.988232 0.243793 0.00266811 0.914085 0.264075 0.0121555
64 6 0.992314 0.243405 0.00403352 0.914085 0.264075 0.0121555
64 7 0.992092 0.243331 0.00372283 0.914085 0.264075 0.0121555
64 8 0.992947 0.243014 0.00420934 0.914085 0.262881 0.0105
64 9 0.991974 0.240979 0.00402888 0.914085 0.262881 0.0105
65 0 0.989796 0.241007 0.00352065 0.914085 0.263068 0.0112814
65 1 0.98822 0.240966 0.00338717 0.914085 0.263068 0.0112814
65 2 0.990126 0.240245 0.00413059 0.914085 0.263068 0.0112814
65 3 0.989577 0.244714 0.0049583 0.914085 0.263068 0.0112814
65 4 0.993414 0.242683 0.00223809 0.914085 0.263068 0.0112814
65 5 0.990479 0.245673 0.00287257 0.914085 0.263068 0.0112814
65 6 0.991838 0.244907 0.00393252 0.914085 0.263068 0.0112814
65 7 0.991072 0.24464 0.00375749 0.914085 0.263068 0.0112814
65 8 0.989124 0.245047 0.00341553 0.914085 0.258047 0.0105
65 9 0.989473 0.243264 0.00472702 0.914085 0.258047 0.0105
66 0 0.990885 0.24404 0.00393795 0.915707 0.262543 0.0109753
66 1 0.992583 0.243625 0.00477029 0.915707 0.262543 0.0109753
66 2 0.99042 0.242815 0.00306239 0.915707 0.262543 0.0109753
66 3 0.992164 0.241016 0.00285444 0.915707 0.262543 0.0109753
66 4 0.991533 0.243462 0.00482048 0.915707 0.262543 0.0109753
66 5 0.990208 0.243565 0.00364755 0.915707 0.262543 0.0109753
66 6 0.989078 0.241471 0.00353762 0.915707 0.260771 0.0105
66 7 0.992173 0.243776 0.00334161 0.915707 0.260771 0.0105
66 8 0.98842 0.247342 0.00336971 0.915707 0.260771 0.0105
66 9 0.988694 0.243666 0.00421218 0.915707 0.260771 0.0105
67 0 0.991876 0.244535 0.00445414 0.915707 0.26565 0.0115735
67 1 0.99141 0.243224 0.00545395 0.915707 0.26565 0.0115735
67 2 0.99094 0.241351 0.00318515 0.915707 0.26565 0.0115735
67 3 0.989834 0.243155 0.00353545 0.915707 0.26565 0.0115735
67 4 0.990821 0.242791 0.00394207 0.915707 0.26565 0.0115735
67 5 0.990177 0.241438 0.00388007 0.915707 0.26565 0.0115735
67 6 0.99113 0.2416 0.00465844 0.915707 0.26112 0.0105
67 7 0.990861 0.243176 0.00451411 0.915707 0.26112 0.0105
67 8 0.98785 0.241926 0.00352152 0.915707 0.26112 0.0105
67 9 0.993286 0.241391 0.0043433 0.915707 0.26112 0.0105
68 0 0.987751 0.242963 0.00377647 0.919739 0.266391 0.0112943
68 1 0.991202 0.243243 0.00427586 0.919739 0.266391 0.0112943
68 2 0.990048 0.24201 0.00441242 0.919739 0.266391 0.0112943
68 3 0.991886 0.240446 0.00332614 0.919739 0.266391 0.0112943
68 4 0.991018 0.242315 0.00452319 0.919739 0.266391 0.0112943
68 5 0.990773 0.241836 0.00381098 0.919739 0.259531 0.0105
68 6 0.990333 0.242175 0.00375325 0.919739 0.259531 0.0105
68 7 0.989814 0.243169 0.00325138 0.919739 0.259531 0.0105
68 8 0.990566 0.240268 0.00363757 0.919739 0.259531 0.0105
68 9 0.990717 0.242412 0.00384698 0.919739 0.259531 0.0105
69 0 0.991401 0.240738 0.00379294 0.919739 0.253281 0.01
69 1 0.987846 0.240277 0.00631627 0.919739 0.253281 0.01
69 2 0.987912 0.240268 0.00352835 0.919739 0.253281 0.01
69 3 0.992591 0.240025 0.00343675 0.919739 0.253281 0.01
69 4 0.992011 0.241355 0.00317765 0.919739 0.257334 0.0105
69 5 0.991367 0.240818 0.00384242 0.919739 0.257334 0.0105
69 6 0.992501 0.243341 0.00386079 0.919739 0.257334 0.0105
69 7 0.992052 0.240652 0.00329358 0.919739 0.257334 0.0105
69 8 0.993694 0.240842 0.00388927 0.919739 0.257334 0.0105
69 9 0.993077 0.239858 0.00365225 0.919739 0.257334 0.0105
70 0 0.990426 0.24141 0.00340826 0.922549 0.253846 0.01
70 1 0.99127 0.238969 0.00542374 0.922549 0.257867 0.0105
70 2 0.991384 0.240457 0.00382256 0.922549 0.253846 0.01
70 3 0.988731 0.241041 0.00310797 0.922549 0.257867 0.0105
70 4 0.990082 0.241859 0.00442622 0.922549 0.257867 0.0105
70 5 0.988074 0.241355 0.00456756 0.922549 0.257867 0.0105
70 6 0.992746 0.242297 0.00451504 0.922549 0.257867 0.0105
70 7 0.989568 0.241151 0.00368401 0.922549 0.257867 0.0105
70 8 0.992588 0.241087 0.00373695 0.922549 0.257867 0.0105
70 9 0.990902 0.240648 0.00357285 0.922549 0.257867 0.0105
71 0 0.989032 0.241554 0.00446449 0.922549 0.257908 0.0105
71 1 0.99169 0.241821 0.00428437 0.922549 0.253912 0.01
71 2 0.99044 0.240578 0.00423617 0.922549 0.253912 0.01
71 3 0.989788 0.241286 0.00476982 0.922549 0.257908 0.0105
71 4 0.989936 0.240047 0.00320614 0.922549 0.257908 0.0105
71 5 0.990176 0.23956 0.00336239 0.922549 0.257908 0.0105
71 6 0.991226 0.24109 0.00404843 0.922549 0.257908 0.0105
71 7 0.991037 0.239503 0.00359591 0.922549 0.257908 0.0105
71 8 0.990991 0.240739 0.00303343 0.922549 0.257908 0.0105
71 9 0.991296 0.23989 0.00494659 0.922549 0.257908 0.0105
72 0 0.988201 0.240867 0.00332262 0.919817 0.257175 0.0105
72 1 0.990258 0.240519 0.00346725 0.919817 0.257175 0.0105
72 2 0.991045 0.240947 0.00402562 0.919817 0.257175 0.0105
72 3 0.99199 0.241054 0.00376803 0.919817 0.257175 0.0105
72 4 0.992067 0.239037 0.00295221 0.919817 0.257175 0.0105
72 5 0.991287 0.239791 0.00332408 0.919817 0.257175 0.0105
72 6 0.988748 0.24047 0.00498439 0.919817 0.257175 0.0105
72 7 0.991668 0.24047 0.00423469 0.919817 0.257175 0.0105
72 8 0.991461 0.240723 0.00309152 0.919817 0.257175 0.0105
72 9 0.993037 0.240117 0.00395907 0.919817 0.257175 0.0105
73 0 0.992345 0.240051 0.00403209 0.919817 0.256325 0.0105
73 1 0.990577 0.239264 0.00325172 0.919817 0.256325 0.0105
73 2 0.992512 0.239785 0.00388367 0.919817 0.256325 0.0105
73 3 0.991769 0.24174 0.00335571 0.919817 0.256325 0.0105
73 4 0.992833 0.239598 0.00429684 0.919817 0.256325 0.0105
73 5 0.994656 0.241336 0.00375327 0.919817 0.256325 0.0105
73 6 0.993316 0.240485 0.00358022 0.919817 0.256325 0.0105
73 7 0.989381 0.241001 0.00440395 0.919817 0.256325 0.0105
73 8 0.992574 0.238965 0.0046988 0.919817 0.256325 0.0105
73 9 0.993209 0.238513 0.00400609 0.919817 0.256325 0.0105
74 0 0.991068 0.240451 0.00438392 0.926297 0.256625 0.0105
74 1 0.99149 0.239368 0.00367758 0.926297 0.256625 0.0105
74 2 0.987921 0.240371 0.00355876 0.926297 0.256625 0.0105
74 3 0.990197 0.239644 0.00335751 0.926297 0.256625 0.0105
74 4 0.991169 0.238365 0.00295168 0.926297 0.256625 0.0105
74 5 0.99035 0.241762 0.00449884 0.926297 0.256625 0.0105
74 6 0.990668 0.240748 0.00363035 0.926297 0.256625 0.0105
74 7 0.991156 0.239376 0.00553062 0.926297 0.256625 0.0105
74 8 0.98849 0.240322 0.00345785 0.926297 0.256625 0.0105
74 9 0.9904 0.240577 0.00350511 0.926297 0.256625 0.0105
75 0 0.990269 0.238163 0.00474276 0.926297 0.254403 0.0105
75 1 0.990003 0.239244 0.00415903 0.926297 0.254403 0.0105
75 2 0.991045 0.239058 0.00340944 0.926297 0.254403 0.0105
75 3 0.990394 0.239742 0.00399971 0.926297 0.254403 0.0105
75 4 0.988621 0.237829 0.00278108 0.926297 0.254403 0.0105
75 5 0.990672 0.238203 0.0036335 0.926297 0.254403 0.0105
75 6 0.991961 0.237988 0.00371166 0.926297 0.254403 0.0105
75 7 0.988891 0.237756 0.00356361 0.926297 0.254403 0.0105
75 8 0.991588 0.238888 0.00406137 0.926297 0.254403 0.0105
75 9 0.992722 0.24121 0.00523682 0.926297 0.254403 0.0105
76 0 0.991071 0.237436 0.00347309 0.933467 0.253653 0.0105
76 1 0.990533 0.239739 0.0028302 0.933467 0.253653 0.0105
76 2 0.989968 0.238349 0.00348171 0.933467 0.253653 0.0105
76 3 0.99136 0.237042 0.00429542 0.933467 0.253653 0.0105
76 4 0.988979 0.238425 0.00383781 0.933467 0.253653 0.0105
76 5 0.990541 0.238146 0.00393061 0.933467 0.253653 0.0105
76 6 0.991927 0.238797 0.00401403 0.933467 0.253653 0.0105
76 7 0.992356 0.238487 0.00334929 0.933467 0.253653 0.0105
76 8 0.991671 0.238934 0.0027097 0.933467 0.253653 0.0105
76 9 0.991103 0.241009 0.00368584 0.933467 0.253653 0.0105
77 0 0.992423 0.238349 0.00482568 0.933467 0.25445 0.0105
77 1 0.99002 0.237991 0.00388112 0.933467 0.25445 0.0105
77 2 0.992016 0.238283 0.00409386 0.933467 0.25445 0.0105
77 3 0.990583 0.236707 0.00410655 0.933467 0.25445 0.0105
77 4 0.990429 0.240615 0.0037201 0.933467 0.25445 0.0105
77 5 0.993277 0.237293 0.00306904 0.933467 0.25445 0.0105
77 6 0.988601 0.239904 0.00365319 0.933467 0.25445 0.0105
77 7 0.991208 0.240245 0.00427534 0.933467 0.25445 0.0105
77 8 0.991022 0.238499 0.00335398 0.933467 0.25445 0.0105
77 9 0.992892 0.239914 0.0040732 0.933467 0.25445 0.0105
78 0 0.990524 0.239049 0.00392573 0.935174 0.255054 0.0105
78 1 0.99117 0.236563 0.00490466 0.935174 0.255054 0.0105
78 2 0.989158 0.237818 0.0038666 0.935174 0.255054 0.0105
78 3 0.991255 0.238006 0.00358105 0.935174 0.255054 0.0105
78 4 0.992227 0.236829 0.00402372 0.935174 0.255054 0.0105
78 5 0.991781 0.236776 0.0039762 0.935174 0.255054 0.0105
78 6 0.989028 0.238702 0.00253424 0.935174 0.255054 0.0105
78 7 0.990815 0.237441 0.00507472 0.935174 0.255054 0.0105
78 8 0.988713 0.238654 0.00526374 0.935174 0.255054 0.0105
78 9 0.991876 0.238465 0.00383298 0.935174 0.255054 0.0105
79 0 0.992324 0.237471 0.00493028 0.935174 0.253519 0.0105
79 1 0.992502 0.238049 0.00272876 0.935174 0.253519 0.0105
79 2 0.994745 0.238246 0.00330138 0.935174 0.253519 0.0105
79 3 0.992699 0.236686 0.00375337 0.935174 0.253519 0.0105
79 4 0.991103 0.238779 0.00380823 0.935174 0.253519 0.0105
79 5 0.99069 0.238134 0.00356623 0.935174 0.253519 0.0105
79 6 0.993044 0.237121 0.00380341 0.935174 0.253519 0.0105
79 7 0.990744 0.236847 0.0037736 0.935174 0.253519 0.0105
79 8 0.991967 0.238739 0.00459829 0.935174 0.253519 0.0105
79 9 0.992763 0.237018 0.00590462 0.935174 0.253519 0.0105
80 0 0.991512 0.236597 0.00451846 0.937412 0.252651 0.0105
80 1 0.991326 0.238203 0.00537227 0.937412 0.252651 0.0105
80 2 0.992997 0.238869 0.00305488 0.937412 0.252651 0.0105
80 3 0.991796 0.237761 0.00365908 0.937412 0.252651 0.0105
80 4 0.993085 0.238354 0.00331158 0.937412 0.252651 0.0105
80 5 0.991135 0.238312 0.00349501 0.937412 0.252651 0.0105
80 6 0.990324 0.238796 0.00438561 0.937412 0.252651 0.0105
80 7 0.991433 0.238393 0.00403019 0.937412 0.252651 0.0105
80 8 0.990944 0.240605 0.00448632 0.937412 0.252651 0.0105
80 9 0.991473 0.239503 0.0038594 0.937412 0.252651 0.0105
81 0 0.993652 0.237518 0.00494264 0.937412 0.253476 0.0105
81 1 0.991374 0.238113 0.00383484 0.937412 0.253476 0.0105
81 2 0.991584 0.23657 0.00396831 0.937412 0.253476 0.0105
81 3 0.989594 0.239946 0.00338396 0.937412 0.253476 0.0105
81 4 0.991886 0.238937 0.00346512 0.937412 0.253476 0.0105
81 5 0.99111 0.237224 0.00408621 0.937412 0.253476 0.0105
81 6 0.990897 0.236565 0.00374988 0.937412 0.253476 0.0105
81 7 0.992066 0.23647 0.00352738 0.937412 0.253476 0.0105
81 8 0.993144 0.238215 0.00375327 0.937412 0.253476 0.0105
81 9 0.991526 0.237387 0.00414108 0.937412 0.253476 0.0105
82 0 0.992147 0.238984 0.00250291 0.942302 0.254821 0.0105
82 1 0.994398 0.239506 0.00448853 0.942302 0.254821 0.0105
82 2 0.98922 0.237372 0.00376504 0.942302 0.254821 0.0105
82 3 0.991166 0.235338 0.00377942 0.942302 0.254821 0.0105
82 4 0.990833 0.238475 0.00330155 0.942302 0.254821 0.0105
82 5 0.990379 0.237872 0.00332114 0.942302 0.254821 0.0105
82 6 0.990052 0.236261 0.00285078 0.942302 0.254821 0.0105
82 7 0.992133 0.237078 0.00331346 0.942302 0.254821 0.0105
82 8 0.991484 0.237801 0.00293803 0.942302 0.254821 0.0105
82 9 0.991179 0.235671 0.0045883 0.942302 0.254821 0.0105
83 0 0.989688 0.238011 0.00327164 0.942302 0.253874 0.0105
83 1 0.991364 0.23811 0.00272422 0.942302 0.253874 0.0105
83 2 0.994279 0.237949 0.00521339 0.942302 0.253874 0.0105
83 3 0.988318 0.235426 0.00421616 0.942302 0.253874 0.0105
83 4 0.99069 0.23815 0.00295862 0.942302 0.253874 0.0105
83 5 0.99145 0.236242 0.00331578 0.942302 0.253874 0.0105
83 6 0.99148 0.23867 0.00430532 0.942302 0.253874 0.0105
83 7 0.991831 0.238025 0.0042013 0.942302 0.253874 0.0105
83 8 0.99229 0.238683 0.00348835 0.942302 0.253874 0.0105
83 9 0.991977 0.237271 0.00364946 0.942302 0.253874 0.0105
84 0 0.991804 0.237989 0.00283398 0.944521 0.253828 0.0105
84 1 0.991185 0.235695 0.00357699 0.944521 0.253828 0.0105
84 2 0.991475 0.237177 0.00372956 0.944521 0.253828 0.0105
84 3 0.994457 0.238489 0.00367785 0.944521 0.253828 0.0105
84 4 0.991308 0.236675 0.00387644 0.944521 0.253828 0.0105
84 5 0.992121 0.238812 0.00385527 0.944521 0.253828 0.0105
84 6 0.991863 0.2372 0.00405448 0.944521 0.253828 0.0105
84 7 0.991349 0.237314 0.00363028 0.944521 0.253828 0.0105
84 8 0.990037 0.238322 0.0042103 0.944521 0.253828 0.0105
84 9 0.98976 0.235288 0.00294669 0.944521 0.253828 0.0105
85 0 0.990517 0.238121 0.00304673 0.944521 0.25393 0.0105
85 1 0.992517 0.23694 0.00407386 0.944521 0.25393 0.0105
85 2 0.990824 0.238637 0.00346592 0.944521 0.25393 0.0105
85 3 0.992234 0.235818 0.00427859 0.944521 0.25393 0.0105
85 4 0.992471 0.237781 0.00285764 0.944521 0.25393 0.0105
85 5 0.989139 0.236225 0.00383312 0.944521 0.25393 0.0105
85 6 0.993034 0.238 0.00375745 0.944521 0.25393 0.0105
85 7 0.99179 0.236343 0.00318251 0.944521 0.25393 0.0105
85 8 0.990956 0.240731 0.00404021 0.944521 0.25393 0.0105
85 9 0.9914 0.237065 0.00415529 0.944521 0.25393 0.0105
86 0 0.993238 0.238181 0.0034638 0.942625 0.25397 0.0105
86 1 0.9889 0.236732 0.00480146 0.942625 0.25397 0.0105
86 2 0.990786 0.236206 0.00452821 0.942625 0.25397 0.0105
86 3 0.990523 0.237274 0.00389606 0.942625 0.25397 0.0105
86 4 0.989753 0.238362 0.00291011 0.942625 0.25397 0.0105
86 5 0.992747 0.238809 0.00254276 0.942625 0.25397 0.0105
86 6 0.993024 0.236033 0.00360639 0.942625 0.25397 0.0105
86 7 0.991011 0.237152 0.00431856 0.942625 0.25397 0.0105
86 8 0.990567 0.238071 0.00379018 0.942625 0.25397 0.0105
86 9 0.991361 0.236184 0.00378132 0.942625 0.25397 0.0105
87 0 0.992543 0.235473 0.00444667 0.942625 0.25141 0.0105
87 1 0.990381 0.236869 0.00393499 0.942625 0.25141 0.0105
87 2 0.993271 0.235704 0.00319464 0.942625 0.25141 0.0105
87 3 0.993078 0.237801 0.00435347 0.942625 0.25141 0.0105
87 4 0.991974 0.238374 0.00402878 0.942625 0.25141 0.0105
87 5 0.991356 0.236558 0.0037471 0.942625 0.25141 0.0105
87 6 0.991321 0.236665 0.00347804 0.942625 0.25141 0.0105
87 7 0.990155 0.236505 0.00372966 0.942625 0.25141 0.0105
87 8 0.993816 0.234778 0.00303858 0.942625 0.25141 0.0105
87 9 0.992212 0.23786 0.00347165 0.942625 0.25141 0.0105
88 0 0.990921 0.238031 0.00373806 0.944244 0.253809 0.0105
88 1 0.992428 0.236735 0.00306154 0.944244 0.253809 0.0105
88 2 0.990884 0.237646 0.00302079 0.944244 0.253809 0.0105
88 3 0.992237 0.237978 0.0036522 0.944244 0.253809 0.0105
88 4 0.992515 0.238084 0.00289362 0.944244 0.253809 0.0105
88 5 0.989843 0.236613 0.00313028 0.944244 0.253809 0.0105
88 6 0.991819 0.238838 0.00368183 0.944244 0.253809 0.0105
88 7 0.989912 0.234883 0.00312564 0.944244 0.253809 0.0105
88 8 0.99323 0.237106 0.00411774 0.944244 0.253809 0.0105
88 9 0.988166 0.237151 0.0035949 0.944244 0.253809 0.0105
