4   2   11.730501   13.980604
4   3   11.228209   13.486444
5   2   11.528192   13.786489
5   3   11.0        13.5
6   2   11.0        13.5
6   3   10.851228   13.451457
7   2   11.0        13.5
7   3   10.885639   13.508266
7   4   10.825984   12.978025
8   3   11.105362   13.462788
8   4   10.743808   13.271885
9   3   11.104615   13.705502
9   4   10.738544   13.371135
9   5   10.663041   13.287881
10   4   10.823070   13.370761
10   5   10.896703   13.182447
10   6   10.5        13.2
11   4   10.857502   13.481144
11   5   10.855827   13.369364
11   6   10.859057   12.961554
12   4   10.771765   13.859241
12   5   10.854620   13.408048
12   6   10.775927   13.006793
13   4   10.5        13.5
13   5   10.933770   13.478817
13   6   10.679782   13.214791
13   7   11.0        13.2
14   5   10.978872   13.516499
14   6   10.733892   13.248043
14   7   10.7        13.5
15   5   10.7        13.5
15   6   10.799028   13.308548
15   7   10.769007   13.260666
16   5   10.8        13.2
16   6   10.890278   13.356897
16   7   10.964462   13.264855
16   8   10.7        13.0
17   6   11.049767   13.156650
17   7   10.858003   13.430061
17   8   10.700785   13.168146
18   6   10.8        13.5
18   7   10.891115   13.473598
18   8   10.695392   13.224633
19   6   10.8        14.0
19   7   10.976418   13.551132
19   8   10.777225   13.259834
19   9   10.8        13.7
20   7   11.179279   13.440657
20   8   10.803498   13.318878
20   9   10.963845   13.086353
21   7   11.0        14.0
21   8   10.885121   13.354110
21   9   10.851477   13.459191
22   8   10.913898   13.473535
22   9   11.009762   13.419473
22   10   11.0       13.0
23   8   10.975284   13.416390
23   9   11.017314   13.488348
23   10   10.958635   13.069292
24   8   10.8        13.5
24   9   11.149694   13.412486
24   10   10.842941   13.219644
25   8   11.0        13.5
25   9   11.165962   13.526692
25   10   10.889269   13.420057
25   11   11.0        13.5
26   9   11.172493   13.457352
26   10   10.875890   13.617217
26   11   11.0       13.3
27   9   11.157388   13.634728
27   10   11.065758   13.445627
27   11   10.935191   13.848504
27   12   11.0        13.0
28   9    11.0        13.3
28   10   11.011141   13.483694
28   11   11.164595   13.559552
28   12   11.0        13.0
29   9   11.5         13.5
29   10   10.942038   13.639280
29   11   11.139199   13.654208
29   12   11.045556   13.439079
30   10   11.159091   13.531367
30   11   11.250616   13.675129
30   12   10.891188   13.695763
31   10   11.2        13.8
31   11   11.212753   13.712454
31   12   10.997959   13.640612
31   13   10.907495   13.6
32   11   11.369043   13.611174
32   12   11.173097   13.483492
32   13   11.309707   13.577061
33   11   11.443476   13.424922
33   12   11.058229   13.680802
33   13   11.253168   13.733969
33   14   11.0        13.2
34   11   11.5        13.8
34   12   11.144478   13.636116
34   13   11.423558   13.654288
34   14   11.3        13.6
35   12   11.244801   13.461102
35   13   11.362846   13.831324
35   14   10.978077   14.121297
36   12   11.2        13.5
36   13   11.304750   13.935020
36   14   11.312867   13.870018
37   12   11.2        14.0
37   13   11.353018   13.872452
37   14   11.172900   13.800871
37   15   11.8        14.0
38   13   11.295535   13.902651
38   14   11.417327   13.761439
38   15   11.5        14.0
39   13   11.314553   13.952307
39   14   11.320631   13.840165
39   15   11.271161   14.206216
40   13   11.433524   14.014343
40   14   11.443068   13.766663
40   15   11.331644   14.243245
40   16   12.0        14.5
41   13   11.8        14.0
41   14   11.389827   13.780645
41   15   11.507357   14.141309
41   16   11.8        14.0
42   14   11.189462   14.017708
42   15   11.600225   14.107139
42   16   11.442440   14.309795
43   14   11.710898   13.495391
43   15   11.642094   14.070652
43   16   11.759968   14.002935
44   14   11.7        14.0
44   15   11.686222   14.027120
44   16   11.416996   14.319361
44   17   11.8        14.5
45   15   11.571706   14.254760
45   16   11.454692   14.219895
45   17   11.382115   14.912193
46   15   11.735876   13.933189
46   16   11.508503   14.390375
46   17   11.354656   15.115596
47   15   11.215862   14.572264
47   16   11.483539   14.285697
47   17   12.054294   14.319954
47   18   12.0        15.0
48   15   11.330577   14.696930
48   16   11.659956   14.055266
48   17   11.484202   14.939704
48   18   12.0        14.0
49   15   12.0        14.0
49   16   11.476009   14.256169
49   17   12.123694   14.235627
49   18   12.0        14.2
49   19   12.0        14.2
50   16   11.581405   14.165702
50   17   11.852455   14.492645
50   18   12.0        14.5
50   19   12.633126   14.133592
51   16   11.770283   14.198856
51   17   11.915159   14.535033
51   18   11.856322   14.753201
51   19   12.0        14.5
52   16   11.7        14.0
52   17   11.774674   14.639987
52   18   11.662943   14.741928
52   19   11.8        14.8
53   17   12.135877   14.387648
53   18   11.873560   14.647733
53   19   12.512985   14.662628
53   20   12.         14.5
54   17   11.946122   14.532681
54   18   12.017221   14.601381
54   19   12.295351   14.999582
54   20   12          14.7
55   17   12.017196   14.745822
55   18   12.260608   14.259028
55   19   12.         15.0 
55   20   11.970618   15.770480
56   17   11.9        15.0
56   18   12.097679   14.324669
56   19   11.933435   15.256968
56   20   12.100928   15.418241
56   21   12.095311   15.446982
57   18   12.049950   14.565262
57   19   12.643821   14.521650
57   20   11.918150   15.770081
57   21   12.8        15.5
58   19   12.288669   14.925089
58   20   11.835041   15.750272
58   21   12.704592   15.091019
59   20   12.116133   15.158668
59   21   12.199240   15.498208
