5   1   13.000000   17.000000
6   1   13.906082   16.356824
6   2   13.540391   16.116471
6   3   14.411494   16.740317
7   1   14.017361   16.552129
7   2   13.646891   16.214197
7   3   13.339709   16.607806
8   2   13.679917   16.282907
8   3   13.707217   16.182881
9   2   13.840338   16.433974
9   3   13.656204   16.371921
9   4   13.630965   15.747088
10   2   13.537542   16.893110
10   3   13.796660   16.322607
10   4   13.553695   16.062638
10   5   13.500000   17.000000
11   3   13.922996   16.425776
11   4   13.544491   16.213728
11   5   13.603844   16.046525
12   3   13.970622   16.496687
12   4   13.625717   16.232349
12   5   13.638865   16.134034
12   6   13.500000   16.000000
13   3   13.500000   18.146465
13   4   13.731483   16.258325
13   5   13.675450   16.261190
13   6   13.549337   15.756551
14   4   13.943949   16.251049
14   5   13.704829   16.360839
14   6   13.536144   15.998365
15   4   13.500000   16.500000
15   5   13.809715   16.356458
15   6   13.551121   16.102896
15   7   13.382800   16.291493
16   4   13.500000   17.000000
16   5   13.867831   16.499822
16   6   13.578643   16.188055
16   7   13.680141   16.105075
17   5   13.958685   16.433275
17   6   13.640112   16.271755
17   7   13.612675   16.353977
17   8   13.500000   16.500000
18   5   13.600000   16.500000
18   6   13.765571   16.256759
18   7   13.680038   16.379290
18   8   13.494791   16.127377
19   6   13.868250   16.325775
19   7   13.794067   16.394207
19   8   13.543214   16.146335
19   9   13.500000   16.500000
20   6   14.000000   16.500000
20   7   13.838179   16.491777
20   8   13.568737   16.229404
20   9   13.685547   16.080957
21   7   14.104832   16.273315
21   8   13.661529   16.263479
21   9   13.803384   16.157538
21   10  13.500000   16.700000
22   7   13.799332   16.608509
22   8   13.706527   16.376880
22   9   13.782037   16.364891
22   10   13.400155   16.728899
23   7   14.083697   17.000000
23   8   13.801280   16.360784
23   9   13.928986   16.304263
23   10   13.496758   16.299933
23   11   13.000000   18.000000
24   8   13.744137   16.398116
24   9   13.979599   16.400560
24   10   13.712150   16.243188
24   11   13.500000   17.000000
25   8   13.641270   16.706483
25   9   13.966476   16.511966
25   10   13.718459   16.386116
25   11   13.726476   16.484038
26   9   14.026491   16.498014
26   10   13.752021   16.454542
26   11   13.912301   16.409016
26   12   13.500000   16.500000
27   9   14.045669   16.534713
27   10   13.884950   16.384559
27   11   13.822555   16.650210
27   12   13.622642   16.458076
28   9   13.348670   17.440478
28   10   13.927132   16.401245
28   11   13.988305   16.652532
28   12   13.791719   16.338068
28   13   13.500000   17.000000
29   10   13.900916   16.524712
29   11   14.134226   16.516093
29   12   13.765520   16.606957
29   13   13.346874   17.429977
30   10   13.970498   16.379931
30   11   14.122646   16.623012
30   12   13.961532   16.446667
30   13   13.852783   16.822078
31   10   13.500000   17.000000
31   11   14.244502   16.483479
31   12   14.031095   16.457423
31   13   14.029827   16.761978
31   14   14.000000   18.000000
32   11   14.000000   18.000000
32   12   14.023191   16.473583
32   13   14.150541   16.719395
32   14   14.164079   16.165161
33   11   12.779971   17.748888
33   12   14.043734   16.504588
33   13   14.206931   16.740953
33   14   14.090427   16.475560
34   11   14.000000   18.500000
34   12   14.065704   16.470877
34   13   14.231887   16.694809
34   14   14.139601   16.533139
34   15   14.328394   16.577109
35   12   14.070619   16.598062
35   13   14.176083   16.812114
35   14   14.109284   16.677953
35   15   14.157069   16.950319
36   12   13.171434   19.131702
36   13   14.253084   16.704422
36   14   14.096244   16.754677
36   15   14.247112   16.876418
36   16   13.707758   18.155332
37   13   14.261178   16.749722
37   14   14.153826   16.648497
37   15   14.349612   16.990469
37   16   14.000000   17.000000
38   13   14.376047   16.777702
38   14   14.251995   16.491949
38   15   14.322844   16.961096
38   16   14.359683   16.714765
39   13   13.896463   18.068155
39   14   14.188237   16.595126
39   15   14.341650   17.002218
39   16   14.214891   17.002838
39   17   14.000000   18.000000
40   14   14.084312   18.000000
40   15   14.354281   16.928310
40   16   14.317691   16.936327
40   17   14.408544   17.112738
41   14   14.029838   16.925552
41   15   14.330299   17.003147
41   16   14.309076   17.030776
41   17   14.357847   17.457231
41   18   14.000000   18.000000
42   14   14.000000   18.000000
42   15   14.440901   16.854289
42   16   14.323577   16.944779
42   17   14.609618   17.176040
42   18   14.233360   17.467165
43   15   14.369210   16.983360
43   16   14.327709   16.903392
43   17   14.714447   17.204387
43   18   14.663910   17.143292
43   19   14.000000   18.000000
44   15   13.855467   17.707221
44   16   14.343409   16.919177
44   17   14.551124   17.315333
44   18   14.429260   17.286951
44   19   14.111127   17.546799
45   16   14.377762   16.921602
45   17   14.631951   17.159582
45   18   14.536664   17.361877
45   19   14.422482   17.729263
46   16   14.451225   16.794398
46   17   14.505509   17.206514
46   18   14.514751   17.446846
46   19   15.008919   17.303759
46   20   14.000000   18.000000
47   16   14.348213   17.562539
47   17   14.623069   17.189146
47   18   14.631284   17.219447
47   19   14.721804   17.771325
47   20   14.000000   18.000000
48   16   14.166057   16.947611
48   17   14.497495   17.365707
48   18   14.596268   17.253394
48   19   14.798257   17.876954
48   20   14.000000   18.000000
49   17   14.679008   17.350457
49   18   14.740378   17.072972
49   19   14.811298   17.712488
49   20   14.797860   17.707865
49   21   15.000000   18.500000
50   17   13.922419   18.386705
50   18   14.574976   17.243150
50   19   14.815761   17.652368
50   20   14.937304   17.792915
50   21   14.509789   18.463917
51   17   14.000000   18.000000
51   18   14.714936   17.249854
51   19   14.820507   17.649957
51   20   14.786636   17.834784
51   21   14.875628   18.534632
52   17   15.008847   17.033809
52   18   14.514258   17.470676
52   19   14.918859   17.524288
52   20   14.841095   17.907310
52   21   15.239609   17.796413
52   22   13.900442   20.093807
53   18   14.728059   17.349341
53   19   14.949363   17.450614
53   20   14.817847   17.822978
53   21   15.380477   17.796433
53   22   14.000000   18.000000
53   23   14.000000   18.000000
54   18   14.323882   17.958984
54   19   14.875071   17.634533
54   20   15.005885   17.645686
54   21   15.251445   17.921531
54   22   15.316479   17.969783
54   23   15.000000   19.000000
55   19   14.856684   17.823898
55   20   14.922906   17.644206
55   21   15.410455   17.971494
55   22   15.401504   17.921920
55   23   15.451442   18.614121
56   19   15.180673   17.507224
56   20   15.035395   17.524963
56   21   15.373778   17.805505
56   22   14.749765   18.659183
56   23   15.595671   18.358283
57   19   15.064392   17.512655
57   20   14.968378   17.658539
57   21   15.235818   17.792862
57   22   15.167340   18.076075
57   23   14.691680   19.162758
58   20   15.004406   17.738845
58   21   15.801939   17.312235
58   22   14.925511   18.289477
58   23   14.852531   18.740098
59   22   15.135547   18.138510
59   23   15.053956   18.622280
