#CH   TOF min    TOF max
0    -1         -1 
1    -1         -1  
2    -1         -1  
3    -1         -1  
4     2          3  
5     2          3 
6     2          3  
7     2          4  
8     3          4  
9     3          5 
10    4          6 
11    4          6 
12    4          6 
13    4          7 
14    5          7 
15    5          7 
16    5          8 
17    6          8 
18    6          8 
19    6          9 
20    7          9 
21    7          9 
22    8         10 
23    8         10
24    8         10 
25    8         11
26    9         11
27    9         12
28    9         12
29    9         12
30   10         12
31   10         13
32   11         13
33   11         14
34   11         14
35   12         14
36   12         14
37   12         15
38   13         15
39   13         15
40   13         16
41   13         16
42   14         16
43   14         16
44   14         17
45   15         17
46   15         17
47   15         18
48   15         18
49   15         19
50   16         19
51   16         19
52   16         19
53   17         20
54   17         20
55   17         20  
56   17         21   
57   18         21 
58   19         21 
59   20 	21 
60   -1         -1
61   -1         -1
62   -1         -1
63   -1         -1