#CH   TOF min    TOF max
0    -1         -1 
1    -1         -1  
2    -1         -1  
3    -1         -1  
4    -1         -1
5    -1         -1 
6     2          3  
7     2          4  
8     3          4  
9     3          5 
10    4          6 
11    4          6 
12    4          7 
13    5          7 
14    5          8 
15    6          8 
16    6          8 
17    6          9 
18    7          9 
19    7         10 
20    8         10 
21    8         11 
22    8         11 
23    9         12
24    9         12 
25    9         13
26   10         13
27   10         13
28   11         14
29   11         14
30   11         15
31   12         15
32   12         16
33   13         16
34   13         16
35   13         16
36   14         17
37   14         18
38   14         18
39   15         18
40   15         19
41   15         19
42   16         19
43   16         20
44   16         20
45   17         21
46   17         21
47   18         21
48   18         22
49   18         22
50   18         22
51   19         23
52   19         23
53   19         23
54   20         23
55   20         23  
56   20         23   
57   21         23 
58   22         23 
59   -1 	-1 
60   -1 	-1 
61   -1 	-1 
62   -1 	-1 
63   -1 	-1 