#CH   TOF min    TOF max
0     0          3 
1     0          4
2     0          4 
3     0          5 
4     0          5 
5     0          6
6     2          6 
7     2          6 
8     2          7 
9     3          7 
10    3          7 
11    4          8 
12    4          8 
13    4          9 
14    5          9 
15    5          9 
16    6          9 
17    6         10 
18    6         10 
19    7         10 
20    7         11 
21    8         11 
22    8         12 
23    8         12
24    8         12 
25    9         12
26   10         13
27   10         13
28   10         14
29   11         14
30   11         15
31   12         15
32   12         15
33   13         16
34   13         16
35   13         16
36   14         17
37   14         17
38   15         18
39   15         18
40   16         19
41   16         19
42   17         19
43   17         20
44   18         20
45   18         21
46   18         21
47   19         22
48   19         22
49   20         22
50   20         23
51   21         23
52   21         23
53   22         23
54   22         23
55   -1         -1  
56   -1         -1   
57   -1         -1 
58   -1         -1 
59   -1 	-1 
60   -1 	-1 
61   -1         -1 
62   -1 	-1 
63   -1 	-1 