#CH   TOF min    TOF max
0    -1         -1 
1    -1         -1  
2    -1         -1  
3    -1         -1  
4    -1         -1  
5     1          1 
6     1          3  
7     1          3  
8     2          3  
9     2          4 
10    2          5 
11    3          5 
12    3          6 
13    3          6 
14    4          6 
15    4          7 
16    4          7 
17    5          8 
18    5          8 
19    6          9 
20    6          9 
21    7         10 
22    7         10 
23    7         11
24    8         11 
25    8         11
26    9         12
27    9         12
28    9         13
29   10         13
30   10         13
31   10         14
32   11         14
33   11         14
34   11         15
35   12         15
36   12         16
37   13         16
38   13         16
39   13         17
40   14         17
41   14         18
42   14         18
43   15         19
44   15         19
45   16         19
46   16         20
47   16         20
48   16         20
49   17         21
50   17         21
51   17         21
52   17         22
53   18         23
54   18         23
55   19         23  
56   19         23   
57   19         23 
58   20         23 
59   22 	23 
60   -1         -1
61   -1         -1
62   -1         -1
63   -1         -1