0.000000   -100.000000   0.000000   -0.001731   0.006216   1.950310 
0.000000   -99.000000   0.000000   -0.001317   0.007529   1.950230 
0.000000   -98.000000   0.000000   -0.004727   -0.002588   1.948560 
0.000000   -97.000000   0.000000   -0.004272   -0.002674   1.947940 
0.000000   -96.000000   0.000000   -0.003814   -0.002761   1.947320 
0.000000   -95.000000   0.000000   -0.003354   -0.002847   1.946700 
0.000000   -94.000000   0.000000   -0.002674   -0.003141   1.946400 
0.000000   -93.000000   0.000000   -0.002650   -0.004266   1.945970 
0.000000   -92.000000   0.000000   -0.002625   -0.005395   1.945540 
0.000000   -91.000000   0.000000   0.002947   -0.003561   1.944880 
0.000000   -90.000000   0.000000   -0.005585   0.008796   1.944460 
0.000000   -89.000000   0.000000   0.004511   -0.003707   1.944640 
0.000000   -88.000000   0.000000   0.003761   -0.001979   1.943770 
0.000000   -87.000000   0.000000   0.003005   -0.000233   1.942890 
0.000000   -86.000000   0.000000   0.002242   0.001530   1.942010 
0.000000   -85.000000   0.000000   0.001472   0.003309   1.941110 
0.000000   -84.000000   0.000000   0.002476   -0.000485   1.939690 
0.000000   -83.000000   0.000000   0.001298   -0.001268   1.938600 
0.000000   -82.000000   0.000000   0.000107   -0.002061   1.937510 
0.000000   -81.000000   0.000000   0.012855   -0.010931   1.936220 
0.000000   -80.000000   0.000000   -0.002535   0.000699   1.934170 
0.000000   -79.000000   0.000000   -0.001547   0.000606   1.931850 
0.000000   -78.000000   0.000000   -0.000534   0.000507   1.929500 
0.000000   -77.000000   0.000000   0.000503   0.000401   1.927140 
0.000000   -76.000000   0.000000   0.001565   0.000288   1.924770 
0.000000   -75.000000   0.000000   0.001564   0.003971   1.922370 
0.000000   -74.000000   0.000000   -0.001589   -0.003124   1.919620 
0.000000   -73.000000   0.000000   -0.002964   -0.002175   1.917320 
0.000000   -72.000000   0.000000   -0.004375   -0.001200   1.915010 
0.000000   -71.000000   0.000000   0.000694   0.002869   1.912960 
0.000000   -70.000000   0.000000   -0.000038   -0.000655   0.022465 
0.000000   -69.000000   0.000000   -0.000019   -0.000160   -0.010335 
0.000000   -68.000000   0.000000   0.000340   0.000105   -0.043264 
0.000000   -67.000000   0.000000   0.000765   0.000250   -0.076149 
0.000000   -66.000000   0.000000   0.000125   -0.001141   -0.111415 
0.000000   -65.000000   0.000000   -0.000155   -0.000718   -0.144587 
0.000000   -64.000000   0.000000   0.000056   0.000211   -0.180078 
0.000000   -63.000000   0.000000   0.000034   0.000089   -0.214746 
0.000000   -62.000000   0.000000   -0.000002   -0.000103   -0.249443 
0.000000   -61.000000   0.000000   -0.000019   -0.000644   -0.284000 
0.000000   -60.000000   0.000000   0.000122   0.000093   -0.319589 
0.000000   -59.000000   0.000000   0.000045   0.000754   -0.354416 
0.000000   -58.000000   0.000000   -0.000179   0.001047   -0.389084 
0.000000   -57.000000   0.000000   0.000857   -0.002204   -0.422618 
0.000000   -56.000000   0.000000   0.000137   -0.000451   -0.453986 
0.000000   -55.000000   0.000000   -0.000255   0.001482   -0.485757 
0.000000   -54.000000   0.000000   -0.000656   0.000471   -0.515860 
0.000000   -53.000000   0.000000   0.000513   -0.002285   -0.543211 
0.000000   -52.000000   0.000000   -0.000053   -0.001211   -0.568957 
0.000000   -51.000000   0.000000   0.000632   0.001103   -0.592192 
0.000000   -50.000000   0.000000   0.000837   -0.000640   -0.611728 
0.000000   -49.000000   0.000000   -0.002231   -0.001104   -0.628973 
0.000000   -48.000000   0.000000   0.000215   0.001037   -0.644716 
0.000000   -47.000000   0.000000   -0.000671   0.001116   -0.655367 
0.000000   -46.000000   0.000000   0.000136   -0.000255   -0.664861 
0.000000   -45.000000   0.000000   -0.001551   -0.001001   -0.674786 
0.000000   -44.000000   0.000000   0.001511   0.000429   -0.676653 
0.000000   -43.000000   0.000000   0.000829   -0.001836   -0.686008 
0.000000   -42.000000   0.000000   -0.000561   0.001089   -0.691186 
0.000000   -41.000000   0.000000   0.000127   0.000938   -0.693813 
0.000000   -40.000000   0.000000   -0.000372   0.000019   -0.695882 
0.000000   -39.000000   0.000000   -0.000038   -0.000394   -0.698016 
0.000000   -38.000000   0.000000   0.000296   -0.000808   -0.700149 
0.000000   -37.000000   0.000000   0.000036   0.000664   -0.700121 
0.000000   -36.000000   0.000000   0.000022   -0.000750   -0.701615 
0.000000   -35.000000   0.000000   0.000056   0.000295   -0.702623 
0.000000   -34.000000   0.000000   -0.000097   0.000182   -0.703039 
0.000000   -33.000000   0.000000   -0.000250   0.000070   -0.703454 
0.000000   -32.000000   0.000000   -0.000041   -0.000506   -0.703622 
0.000000   -31.000000   0.000000   -0.000169   0.000062   -0.703730 
0.000000   -30.000000   0.000000   -0.000147   0.000067   -0.703596 
0.000000   -29.000000   0.000000   0.000221   0.000366   -0.703138 
0.000000   -28.000000   0.000000   -0.000104   -0.000286   -0.702961 
0.000000   -27.000000   0.000000   0.000020   -0.000389   -0.702754 
0.000000   -26.000000   0.000000   0.000023   -0.000061   -0.703081 
0.000000   -25.000000   0.000000   0.000021   -0.000069   -0.702994 
0.000000   -24.000000   0.000000   0.000018   -0.000076   -0.702907 
0.000000   -23.000000   0.000000   0.000108   0.000092   -0.702777 
0.000000   -22.000000   0.000000   0.000044   0.000056   -0.702527 
0.000000   -21.000000   0.000000   -0.000035   0.000056   -0.702353 
0.000000   -20.000000   0.000000   -0.000238   0.000187   -0.702145 
0.000000   -19.000000   0.000000   -0.000228   0.000231   -0.701811 
0.000000   -18.000000   0.000000   -0.000265   -0.000049   -0.701738 
0.000000   -17.000000   0.000000   -0.000298   -0.000081   -0.701480 
0.000000   -16.000000   0.000000   -0.000202   -0.000075   -0.701154 
0.000000   -15.000000   0.000000   -0.000083   -0.000242   -0.700666 
0.000000   -14.000000   0.000000   -0.000052   -0.000226   -0.700571 
0.000000   -13.000000   0.000000   -0.000195   0.000042   -0.700481 
0.000000   -12.000000   0.000000   -0.000012   0.000087   -0.700258 
0.000000   -11.000000   0.000000   0.000107   -0.000020   -0.700230 
0.000000   -10.000000   0.000000   0.000080   -0.000038   -0.700123 
0.000000   -9.000000   0.000000   -0.000207   0.000211   -0.700019 
0.000000   -8.000000   0.000000   -0.000421   0.000257   -0.699945 
0.000000   -7.000000   0.000000   -0.000216   0.000123   -0.699804 
0.000000   -6.000000   0.000000   -0.000133   0.000052   -0.699770 
0.000000   -5.000000   0.000000   -0.000210   -0.000271   -0.699779 
0.000000   -4.000000   0.000000   0.000000   -0.000247   -0.699638 
0.000000   -3.000000   0.000000   -0.000116   0.000146   -0.699508 
0.000000   -2.000000   0.000000   -0.000144   0.000028   -0.699434 
0.000000   -1.000000   0.000000   -0.000188   0.000028   -0.699519 
0.000000   0.000000   0.000000   -0.000231   0.000029   -0.699604 
0.000000   1.000000   0.000000   -0.000275   0.000030   -0.699690 
0.000000   2.000000   0.000000   -0.000221   0.000007   -0.699748 
0.000000   3.000000   0.000000   -0.000261   0.000028   -0.699754 
0.000000   4.000000   0.000000   -0.000130   -0.000024   -0.699685 
0.000000   5.000000   0.000000   0.000049   -0.000109   -0.699543 
0.000000   6.000000   0.000000   0.000158   0.000023   -0.699630 
0.000000   7.000000   0.000000   0.000073   0.000083   -0.699661 
0.000000   8.000000   0.000000   -0.000015   0.000041   -0.699866 
0.000000   9.000000   0.000000   -0.000032   -0.000050   -0.700066 
0.000000   10.000000   0.000000   -0.000030   -0.000025   -0.700225 
0.000000   11.000000   0.000000   0.000084   0.000082   -0.700250 
0.000000   12.000000   0.000000   0.000108   0.000073   -0.700286 
0.000000   13.000000   0.000000   0.000117   0.000035   -0.700436 
0.000000   14.000000   0.000000   0.000093   0.000022   -0.700589 
0.000000   15.000000   0.000000   0.000068   0.000009   -0.700743 
0.000000   16.000000   0.000000   0.000091   -0.000123   -0.700849 
0.000000   17.000000   0.000000   0.000076   -0.000106   -0.701200 
0.000000   18.000000   0.000000   0.000061   -0.000089   -0.701551 
0.000000   19.000000   0.000000   -0.000089   0.000016   -0.701717 
0.000000   20.000000   0.000000   -0.000258   -0.000175   -0.702124 
0.000000   21.000000   0.000000   -0.000082   -0.000161   -0.702259 
0.000000   22.000000   0.000000   -0.000048   -0.000084   -0.702347 
0.000000   23.000000   0.000000   -0.000030   -0.000075   -0.702579 
0.000000   24.000000   0.000000   0.000027   0.000030   -0.702825 
0.000000   25.000000   0.000000   0.000678   0.000498   -0.703747 
0.000000   26.000000   0.000000   0.000771   -0.000396   -0.703232 
0.000000   27.000000   0.000000   -0.000269   0.000120   -0.703630 
0.000000   28.000000   0.000000   -0.000239   0.000033   -0.703768 
0.000000   29.000000   0.000000   -0.000210   -0.000054   -0.703905 
0.000000   30.000000   0.000000   0.000152   -0.000032   -0.703790 
0.000000   31.000000   0.000000   0.000241   -0.000221   -0.703885 
0.000000   32.000000   0.000000   0.000246   -0.000028   -0.703742 
0.000000   33.000000   0.000000   0.000252   0.000165   -0.703600 
0.000000   34.000000   0.000000   -0.000363   0.000775   -0.703404 
0.000000   35.000000   0.000000   -0.000477   0.000197   -0.702627 
0.000000   36.000000   0.000000   -0.000590   -0.000380   -0.701849 
0.000000   37.000000   0.000000   -0.000490   -0.000362   -0.700561 
0.000000   38.000000   0.000000   -0.000263   -0.000174   -0.699075 
0.000000   39.000000   0.000000   -0.000036   0.000014   -0.697590 
0.000000   40.000000   0.000000   0.000224   0.000282   -0.696039 
0.000000   41.000000   0.000000   0.000064   0.000385   -0.693417 
0.000000   42.000000   0.000000   0.000094   0.000018   -0.690134 
0.000000   43.000000   0.000000   -0.000329   0.000246   -0.686010 
0.000000   44.000000   0.000000   -0.000459   -0.000276   -0.680712 
0.000000   45.000000   0.000000   0.000113   -0.000345   -0.674700 
0.000000   46.000000   0.000000   -0.000197   -0.000829   -0.665663 
0.000000   47.000000   0.000000   -0.001384   0.001545   -0.653293 
0.000000   48.000000   0.000000   -0.000808   0.000704   -0.640498 
0.000000   49.000000   0.000000   -0.000826   0.000442   -0.627742 
0.000000   50.000000   0.000000   0.000100   -0.000849   -0.613499 
0.000000   51.000000   0.000000   0.000215   -0.000544   -0.590802 
0.000000   52.000000   0.000000   0.000077   0.000099   -0.566491 
0.000000   53.000000   0.000000   -0.000081   0.000379   -0.541119 
0.000000   54.000000   0.000000   -0.000231   -0.000730   -0.512985 
0.000000   55.000000   0.000000   -0.000603   -0.001452   -0.484598 
0.000000   56.000000   0.000000   0.000155   0.002325   -0.454722 
0.000000   57.000000   0.000000   -0.003091   0.000523   -0.420683 
0.000000   58.000000   0.000000   -0.001815   0.000139   -0.387132 
0.000000   59.000000   0.000000   -0.000540   -0.000245   -0.353582 
0.000000   60.000000   0.000000   0.000736   -0.000629   -0.320032 
0.000000   61.000000   0.000000   0.000404   -0.000224   -0.284942 
0.000000   62.000000   0.000000   0.000504   -0.000220   -0.249740 
0.000000   63.000000   0.000000   0.000296   0.000056   -0.214718 
0.000000   64.000000   0.000000   0.000193   0.000187   -0.179741 
0.000000   65.000000   0.000000   0.000091   0.000319   -0.144764 
0.000000   66.000000   0.000000   0.000024   0.000143   -0.110513 
0.000000   67.000000   0.000000   0.000544   -0.000430   -0.077297 
0.000000   68.000000   0.000000   0.000092   0.000237   -0.043193 
0.000000   69.000000   0.000000   -0.000049   -0.000020   -0.010090 
0.000000   70.000000   0.000000   0.000139   0.002094   1.910020 
0.000000   71.000000   0.000000   0.000497   0.003087   1.912390 
0.000000   72.000000   0.000000   0.000848   0.004056   1.914730 
0.000000   73.000000   0.000000   0.001190   0.005001   1.917040 
0.000000   74.000000   0.000000   0.000661   0.002733   1.920090 
0.000000   75.000000   0.000000   -0.000709   0.005058   1.922710 
0.000000   76.000000   0.000000   0.003104   -0.003102   1.924840 
0.000000   77.000000   0.000000   0.004315   -0.006127   1.926460 
0.000000   78.000000   0.000000   0.020504   -0.000084   1.929230 
0.000000   79.000000   0.000000   0.016818   -0.000876   1.931350 
0.000000   80.000000   0.000000   0.013210   -0.001646   1.933450 
0.000000   81.000000   0.000000   -0.000486   0.012370   1.935130 
0.000000   82.000000   0.000000   -0.000642   0.003215   1.936480 
0.000000   83.000000   0.000000   0.007511   0.005085   1.937210 
0.000000   84.000000   0.000000   0.001465   -0.001733   1.939320 
0.000000   85.000000   0.000000   0.003485   0.004797   1.940600 
0.000000   86.000000   0.000000   0.000841   0.003370   1.941710 
0.000000   87.000000   0.000000   0.000317   0.003635   1.942760 
0.000000   88.000000   0.000000   -0.000202   0.003897   1.943810 
0.000000   89.000000   0.000000   0.001354   0.001439   1.944720 
0.000000   90.000000   0.000000   0.001310   0.000534   1.945460 
0.000000   91.000000   0.000000   0.001727   0.003777   1.945900 
0.000000   92.000000   0.000000   0.001586   0.005891   1.946700 
0.000000   93.000000   0.000000   0.000847   -0.011031   1.947280 
0.000000   94.000000   0.000000   0.000927   -0.010168   1.947370 
0.000000   95.000000   0.000000   0.001006   -0.009306   1.947470 
0.000000   96.000000   0.000000   -0.000348   0.003406   1.949510 
0.000000   97.000000   0.000000   0.000328   0.002201   1.950030 
0.000000   98.000000   0.000000   0.001002   0.001002   1.950540 
0.000000   99.000000   0.000000   0.001672   -0.000190   1.951050 
0.000000   100.000000   0.000000   0.003467   -0.000124   1.951430 
